1713001247.100238 37.028700 14.830000 0.000000 0.000000 0.000000 -0.939262
1713001247.200881 37.158200 14.624400 0.000000 0.000000 0.000000 -0.956915
1713001247.301510 37.285100 14.418300 0.000000 0.000000 0.000000 -0.970890
1713001247.392168 37.397600 14.233100 0.000000 0.000000 0.000000 -0.969707
1713001247.518029 37.556600 13.966300 0.000000 0.000000 0.000000 -0.986559
1713001247.598737 37.651400 13.801300 0.000000 0.000000 0.000000 -1.005400
1713001247.699624 37.764900 13.594600 0.000000 0.000000 0.000000 -1.005910
1713001247.800317 37.874100 13.389600 0.000000 0.000000 0.000000 -1.024960
1713001247.900919 37.979300 13.188400 0.000000 0.000000 0.000000 -1.023440
1713001248.001514 38.078200 12.993400 0.000000 0.000000 0.000000 -1.039680
1713001248.092071 38.159900 12.826100 0.000000 0.000000 0.000000 -1.055430
1713001248.192683 38.240700 12.652000 0.000000 0.000000 0.000000 -1.072610
1713001248.293543 38.311300 12.490900 0.000000 0.000000 0.000000 -1.075890
1713001248.394299 38.374200 12.342200 0.000000 0.000000 0.000000 -1.096900
1713001248.494909 38.430800 12.203800 0.000000 0.000000 0.000000 -1.094060
1713001248.595782 38.480500 12.074900 0.000000 0.000000 0.000000 -1.113660
1713001248.698330 38.527400 11.942800 0.000000 0.000000 0.000000 -1.128960
1713001248.798952 38.563400 11.829800 0.000000 0.000000 0.000000 -1.129360
1713001248.899622 38.594500 11.723200 0.000000 0.000000 0.000000 -1.137390
1713001249.000210 38.621400 11.620500 0.000000 0.000000 0.000000 -1.164020
1713001249.100775 38.643600 11.520600 0.000000 0.000000 0.000000 -1.164030
1713001249.201440 38.662300 11.423400 0.000000 0.000000 0.000000 -1.189960
1713001249.292109 38.677000 11.337200 0.000000 0.000000 0.000000 -1.196790
1713001249.392836 38.691700 11.239900 0.000000 0.000000 0.000000 -1.221310
1713001249.493517 38.704300 11.142800 0.000000 0.000000 0.000000 -1.219470
1713001249.594041 38.714500 11.046100 0.000000 0.000000 0.000000 -1.238550
1713001249.694756 38.722200 10.949500 0.000000 0.000000 0.000000 -1.257680
1713001249.795396 38.727800 10.853900 0.000000 0.000000 0.000000 -1.272800
1713001249.895997 38.731400 10.749400 0.000000 0.000000 0.000000 -1.299870
1713001249.998312 38.732200 10.655800 0.000000 0.000000 0.000000 -1.316300
1713001250.098971 38.732300 10.562400 0.000000 0.000000 0.000000 -1.331220
1713001250.199662 38.731500 10.469100 0.000000 0.000000 0.000000 -1.344750
1713001250.300283 38.729500 10.376900 0.000000 0.000000 0.000000 -1.361470
1713001250.401131 38.725300 10.285100 0.000000 0.000000 0.000000 -1.373240
1713001250.501835 38.719600 10.194300 0.000000 0.000000 0.000000 -1.384210
1713001250.592436 38.714000 10.113700 0.000000 0.000000 0.000000 -1.402020
1713001250.693158 38.706300 10.024000 0.000000 0.000000 0.000000 -1.426190
1713001250.793800 38.697300 9.934820 0.000000 0.000000 0.000000 -1.439510
1713001250.895903 38.686200 9.838500 0.000000 0.000000 0.000000 -1.457980
1713001250.999173 38.674500 9.751530 0.000000 0.000000 0.000000 -1.487930
1713001251.099741 38.661700 9.664720 0.000000 0.000000 0.000000 -1.505730
1713001251.200868 38.647900 9.578860 0.000000 0.000000 0.000000 -1.520080
1713001251.291486 38.634700 9.500940 0.000000 0.000000 0.000000 -1.523280
1713001251.392123 38.619300 9.413960 0.000000 0.000000 0.000000 -1.529770
1713001251.495062 38.602600 9.326710 0.000000 0.000000 0.000000 -1.550630
1713001251.595737 38.582900 9.229860 0.000000 0.000000 0.000000 -1.570860
1713001251.697119 38.565000 9.141230 0.000000 0.000000 0.000000 -1.579740
1713001251.798193 38.546600 9.052320 0.000000 0.000000 0.000000 -1.597070
1713001251.898778 38.527200 8.962420 0.000000 0.000000 0.000000 -1.609190
1713001251.999485 38.507100 8.871950 0.000000 0.000000 0.000000 -1.633500
1713001252.100055 38.485800 8.780000 0.000000 0.000000 0.000000 -1.647610
1713001252.200627 38.463700 8.686980 0.000000 0.000000 0.000000 -1.656180
1713001252.291151 38.442300 8.603060 0.000000 0.000000 0.000000 -1.678930
1713001252.391721 38.418000 8.509190 0.000000 0.000000 0.000000 -1.676620
1713001252.492293 38.393200 8.413370 0.000000 0.000000 0.000000 -1.696140
1713001252.593173 38.367200 8.316330 0.000000 0.000000 0.000000 -1.698910
1713001252.694020 38.340000 8.217810 0.000000 0.000000 0.000000 -1.714460
1713001252.794736 38.311200 8.117610 0.000000 0.000000 0.000000 -1.726410
1713001252.895483 38.281000 8.016210 0.000000 0.000000 0.000000 -1.733420
1713001252.996078 38.246800 7.903470 0.000000 0.000000 0.000000 -1.748250
1713001253.098397 38.215300 7.799900 0.000000 0.000000 0.000000 -1.772360
1713001253.198986 38.183000 7.694800 0.000000 0.000000 0.000000 -1.772450
1713001253.299573 38.148700 7.587710 0.000000 0.000000 0.000000 -1.779000
1713001253.400259 38.113200 7.480290 0.000000 0.000000 0.000000 -1.792680
1713001253.500812 38.077700 7.371350 0.000000 0.000000 0.000000 -1.794570
1713001253.601760 38.041900 7.260220 0.000000 0.000000 0.000000 -1.800230
1713001253.692356 38.008800 7.159040 0.000000 0.000000 0.000000 -1.808620
1713001253.798828 37.967400 7.033710 0.000000 0.000000 0.000000 -1.825300
1713001253.899479 37.928800 6.918060 0.000000 0.000000 0.000000 -1.829570
1713001254.000149 37.889900 6.800970 0.000000 0.000000 0.000000 -1.836440
1713001254.100749 37.851200 6.682860 0.000000 0.000000 0.000000 -1.834170
1713001254.191502 37.816400 6.575560 0.000000 0.000000 0.000000 -1.850530
1713001254.292253 37.778600 6.453700 0.000000 0.000000 0.000000 -1.850940
1713001254.392865 37.742500 6.330530 0.000000 0.000000 0.000000 -1.850270
1713001254.493560 37.706700 6.205210 0.000000 0.000000 0.000000 -1.857500
1713001254.594182 37.670000 6.078040 0.000000 0.000000 0.000000 -1.850330
1713001254.695260 37.632900 5.949740 0.000000 0.000000 0.000000 -1.859690
1713001254.795837 37.591900 5.805530 0.000000 0.000000 0.000000 -1.866980
1713001254.898041 37.555600 5.672240 0.000000 0.000000 0.000000 -1.853220
1713001254.998878 37.519200 5.537100 0.000000 0.000000 0.000000 -1.852310
1713001255.099730 37.480300 5.400760 0.000000 0.000000 0.000000 -1.839360
1713001255.200362 37.440900 5.262580 0.000000 0.000000 0.000000 -1.855960
1713001255.301144 37.402500 5.122320 0.000000 0.000000 0.000000 -1.850910
1713001255.391737 37.367600 4.994240 0.000000 0.000000 0.000000 -1.849240
1713001255.492555 37.328200 4.850380 0.000000 0.000000 0.000000 -1.853470
1713001255.593310 37.288600 4.704530 0.000000 0.000000 0.000000 -1.846800
1713001255.693902 37.248200 4.557740 0.000000 0.000000 0.000000 -1.854750
1713001255.794416 37.206300 4.409550 0.000000 0.000000 0.000000 -1.859970
1713001255.894972 37.163400 4.260070 0.000000 0.000000 0.000000 -1.842840
1713001255.995691 37.113200 4.094380 0.000000 0.000000 0.000000 -1.842720
1713001256.098503 37.063800 3.943000 0.000000 0.000000 0.000000 -1.854350
1713001256.199141 37.014200 3.790070 0.000000 0.000000 0.000000 -1.865310
1713001256.299694 36.963600 3.636330 0.000000 0.000000 0.000000 -1.872600
1713001256.400475 36.911500 3.481190 0.000000 0.000000 0.000000 -1.879970
1713001256.491019 36.862600 3.341040 0.000000 0.000000 0.000000 -1.879290
1713001256.591602 36.807100 3.184820 0.000000 0.000000 0.000000 -1.876950
1713001256.692199 36.749300 3.027920 0.000000 0.000000 0.000000 -1.874380
1713001256.792789 36.689000 2.871090 0.000000 0.000000 0.000000 -1.886440
1713001256.893418 36.626300 2.715410 0.000000 0.000000 0.000000 -1.888400
1713001256.994078 36.560600 2.560690 0.000000 0.000000 0.000000 -1.916720
1713001257.094918 36.493000 2.408590 0.000000 0.000000 0.000000 -1.909210
1713001257.195758 36.416500 2.244020 0.000000 0.000000 0.000000 -1.935200
1713001257.297867 36.345700 2.096630 0.000000 0.000000 0.000000 -1.949930
1713001257.398466 36.273000 1.950740 0.000000 0.000000 0.000000 -1.971500
1713001257.499153 36.199900 1.807660 0.000000 0.000000 0.000000 -1.980860
1713001257.599852 36.125600 1.666820 0.000000 0.000000 0.000000 -1.972150
1713001257.700406 36.049200 1.528260 0.000000 0.000000 0.000000 -1.961900
1713001257.801013 35.970900 1.392680 0.000000 0.000000 0.000000 -2.002190
1713001257.891594 35.899300 1.273690 0.000000 0.000000 0.000000 -2.019020
1713001257.992221 35.817700 1.142600 0.000000 0.000000 0.000000 -2.032020
1713001258.092951 35.733900 1.011570 0.000000 0.000000 0.000000 -2.019070
1713001258.193551 35.647900 0.881632 0.000000 0.000000 0.000000 -2.062300
1713001258.294131 35.559200 0.753487 0.000000 0.000000 0.000000 -2.074940
1713001258.395613 35.456500 0.614007 0.000000 0.000000 0.000000 -2.079850
1713001258.497919 35.359400 0.487802 0.000000 0.000000 0.000000 -2.116490
1713001258.598531 35.259900 0.361704 0.000000 0.000000 0.000000 -2.134890
1713001258.699149 35.157400 0.234713 0.000000 0.000000 0.000000 -2.148240
1713001258.799757 35.052700 0.107611 0.000000 0.000000 0.000000 -2.144540
1713001258.900687 34.944900 -0.019345 0.000000 0.000000 0.000000 -2.176020
1713001258.991276 34.844900 -0.133430 0.000000 0.000000 0.000000 -2.159660
1713001259.092001 34.732200 -0.260781 0.000000 0.000000 0.000000 -2.211760
1713001259.192719 34.617600 -0.388158 0.000000 0.000000 0.000000 -2.230240
1713001259.293476 34.500500 -0.515595 0.000000 0.000000 0.000000 -2.207300
1713001259.394075 34.381400 -0.643807 0.000000 0.000000 0.000000 -2.253830
1713001259.494708 34.259000 -0.770582 0.000000 0.000000 0.000000 -2.260770
1713001259.595353 34.135300 -0.898068 0.000000 0.000000 0.000000 -2.271430
1713001259.698087 33.995800 -1.036860 0.000000 0.000000 0.000000 -2.286270
1713001259.798682 33.865900 -1.160640 0.000000 0.000000 0.000000 -2.308790
1713001259.899262 33.733800 -1.283770 0.000000 0.000000 0.000000 -2.313120
1713001260.000052 33.599500 -1.406350 0.000000 0.000000 0.000000 -2.332890
1713001260.100693 33.463400 -1.528370 0.000000 0.000000 0.000000 -2.335990
1713001260.201434 33.325900 -1.649730 0.000000 0.000000 0.000000 -2.355520
1713001260.291987 33.201500 -1.756920 0.000000 0.000000 0.000000 -2.384810
1713001260.392585 33.063400 -1.874130 0.000000 0.000000 0.000000 -2.386430
1713001260.493211 32.925500 -1.989820 0.000000 0.000000 0.000000 -2.388460
1713001260.593787 32.787800 -2.105300 0.000000 0.000000 0.000000 -2.411850
1713001260.694345 32.650200 -2.218090 0.000000 0.000000 0.000000 -2.424090
1713001260.795044 32.513300 -2.329290 0.000000 0.000000 0.000000 -2.416540
1713001260.895842 32.363500 -2.449930 0.000000 0.000000 0.000000 -2.425870
1713001260.998101 32.227900 -2.557620 0.000000 0.000000 0.000000 -2.447750
1713001261.098705 32.093700 -2.664300 0.000000 0.000000 0.000000 -2.441090
1713001261.199311 31.961100 -2.767950 0.000000 0.000000 0.000000 -2.439660
1713001261.299907 31.831100 -2.869420 0.000000 0.000000 0.000000 -2.427090
1713001261.400499 31.703900 -2.969160 0.000000 0.000000 0.000000 -2.433240
1713001261.501127 31.579600 -3.066650 0.000000 0.000000 0.000000 -2.474960
1713001261.591812 31.471300 -3.151930 0.000000 0.000000 0.000000 -2.465930
1713001261.692417 31.356100 -3.243050 0.000000 0.000000 0.000000 -2.465580
1713001261.793121 31.247800 -3.328810 0.000000 0.000000 0.000000 -2.422600
1713001261.893697 31.148300 -3.406240 0.000000 0.000000 0.000000 -2.470840
1713001261.994334 31.057800 -3.476880 0.000000 0.000000 0.000000 -2.472880
1713001262.094984 30.972600 -3.545600 0.000000 0.000000 0.000000 -2.461500
1713001262.195849 30.880400 -3.619090 0.000000 0.000000 0.000000 -2.470970
1713001262.297700 30.797700 -3.684550 0.000000 0.000000 0.000000 -2.456820
1713001262.398659 30.715100 -3.748850 0.000000 0.000000 0.000000 -2.464260
1713001262.499355 30.633000 -3.813150 0.000000 0.000000 0.000000 -2.487330
1713001262.599987 30.550800 -3.876900 0.000000 0.000000 0.000000 -2.477780
1713001262.700584 30.468900 -3.941980 0.000000 0.000000 0.000000 -2.474460
1713001262.791163 30.394800 -3.999800 0.000000 0.000000 0.000000 -2.469900
1713001262.891734 30.312400 -4.063110 0.000000 0.000000 0.000000 -2.478180
1713001262.992327 30.230300 -4.125410 0.000000 0.000000 0.000000 -2.467770
1713001263.092938 30.148000 -4.188300 0.000000 0.000000 0.000000 -2.482510
1713001263.193836 30.066200 -4.250510 0.000000 0.000000 0.000000 -2.495180
1713001263.294627 29.984600 -4.313370 0.000000 0.000000 0.000000 -2.487220
1713001263.395278 29.903600 -4.375250 0.000000 0.000000 0.000000 -2.472820
1713001263.497663 29.816300 -4.441610 0.000000 0.000000 0.000000 -2.459890
1713001263.598353 29.741200 -4.499640 0.000000 0.000000 0.000000 -2.471240
1713001263.700064 29.671300 -4.554140 0.000000 0.000000 0.000000 -2.427820
1713001263.800650 29.608600 -4.603560 0.000000 0.000000 0.000000 -2.458180
1713001263.901270 29.553700 -4.646670 0.000000 0.000000 0.000000 -2.467300
1713001264.001878 29.505800 -4.684800 0.000000 0.000000 0.000000 -2.490870
1713001264.095541 29.465000 -4.718030 0.000000 0.000000 0.000000 -2.484210
1713001264.197696 29.429800 -4.746510 0.000000 0.000000 0.000000 -2.486000
1713001264.298631 29.401300 -4.769460 0.000000 0.000000 0.000000 -2.477250
1713001264.399469 29.381800 -4.785390 0.000000 0.000000 0.000000 -2.489170
1713001264.500143 29.373300 -4.791860 0.000000 0.000000 0.000000 -2.469580
1713001264.600733 29.375600 -4.789980 0.000000 0.000000 0.000000 -2.463570
1713001264.691493 29.380000 -4.786690 0.000000 0.000000 0.000000 -2.454590
1713001264.792176 29.379100 -4.787290 0.000000 0.000000 0.000000 -2.473640
1713001264.892840 29.377500 -4.787710 0.000000 0.000000 0.000000 -2.414470
1713001264.993533 29.378600 -4.786290 0.000000 0.000000 0.000000 -2.444730
1713001265.094244 29.378700 -4.786710 0.000000 0.000000 0.000000 -2.457910
1713001265.195217 29.377800 -4.787210 0.000000 0.000000 0.000000 -2.463580
1713001265.296057 29.378300 -4.786760 0.000000 0.000000 0.000000 -2.479040
1713001265.398149 29.378100 -4.786370 0.000000 0.000000 0.000000 -2.468250
1713001265.498944 29.376400 -4.786700 0.000000 0.000000 0.000000 -2.475700
1713001265.599744 29.372000 -4.787820 0.000000 0.000000 0.000000 -2.479220
1713001265.700704 29.369300 -4.788150 0.000000 0.000000 0.000000 -2.471370
1713001265.791535 29.366700 -4.788640 0.000000 0.000000 0.000000 -2.486640
1713001265.892092 29.364500 -4.788540 0.000000 0.000000 0.000000 -2.455710
1713001265.992717 29.361400 -4.790000 0.000000 0.000000 0.000000 -2.458190
1713001266.093374 29.359000 -4.791210 0.000000 0.000000 0.000000 -2.482130
1713001266.193999 29.356900 -4.791700 0.000000 0.000000 0.000000 -2.482690
1713001266.395233 29.353000 -4.793650 0.000000 0.000000 0.000000 -2.463730
1713001266.497574 29.351000 -4.794470 0.000000 0.000000 0.000000 -2.466260
1713001266.598297 29.350500 -4.794870 0.000000 0.000000 0.000000 -2.460410
1713001266.698927 29.353000 -4.792970 0.000000 0.000000 0.000000 -2.460490
1713001266.799842 29.359600 -4.787960 0.000000 0.000000 0.000000 -2.459060
1713001266.900675 29.369600 -4.779730 0.000000 0.000000 0.000000 -2.466780
1713001267.001584 29.382500 -4.769260 0.000000 0.000000 0.000000 -2.469700
1713001267.092141 29.396900 -4.757620 0.000000 0.000000 0.000000 -2.461380
1713001267.192912 29.415900 -4.742130 0.000000 0.000000 0.000000 -2.469560
1713001267.293667 29.436500 -4.724010 0.000000 0.000000 0.000000 -2.463850
1713001267.394349 29.458800 -4.702990 0.000000 0.000000 0.000000 -2.478150
1713001267.495414 29.485600 -4.677800 0.000000 0.000000 0.000000 -2.399950
1713001267.599876 29.510900 -4.652460 0.000000 0.000000 0.000000 -2.461430
1713001267.701009 29.536900 -4.624640 0.000000 0.000000 0.000000 -2.463520
1713001267.791817 29.561200 -4.597630 0.000000 0.000000 0.000000 -2.478300
1713001267.902469 29.592500 -4.563100 0.000000 0.000000 0.000000 -2.496010
1713001267.993052 29.619800 -4.533640 0.000000 0.000000 0.000000 -2.485420
1713001268.093819 29.650700 -4.499750 0.000000 0.000000 0.000000 -2.505810
1713001268.194439 29.681800 -4.463960 0.000000 0.000000 0.000000 -2.493670
1713001268.295080 29.712900 -4.426780 0.000000 0.000000 0.000000 -2.521930
1713001268.395931 29.748100 -4.385330 0.000000 0.000000 0.000000 -2.548440
1713001268.498119 29.780500 -4.346620 0.000000 0.000000 0.000000 -2.549780
1713001268.598933 29.814300 -4.307600 0.000000 0.000000 0.000000 -2.562480
1713001268.699546 29.847400 -4.267410 0.000000 0.000000 0.000000 -2.501840
1713001268.800720 29.880700 -4.226400 0.000000 0.000000 0.000000 -2.575940
1713001268.891301 29.911300 -4.189820 0.000000 0.000000 0.000000 -2.607010
1713001268.991874 29.947100 -4.149260 0.000000 0.000000 0.000000 -2.601640
1713001269.092522 29.983800 -4.109180 0.000000 0.000000 0.000000 -2.599680
1713001269.193141 30.021500 -4.068750 0.000000 0.000000 0.000000 -2.633050
1713001269.293756 30.060100 -4.028500 0.000000 0.000000 0.000000 -2.651160
1713001269.394358 30.099000 -3.988150 0.000000 0.000000 0.000000 -2.672340
1713001269.495056 30.138900 -3.947560 0.000000 0.000000 0.000000 -2.669000
1713001269.595946 30.184200 -3.903550 0.000000 0.000000 0.000000 -2.662020
1713001269.696572 30.226400 -3.863600 0.000000 0.000000 0.000000 -2.705680
1713001269.797443 30.270000 -3.823290 0.000000 0.000000 0.000000 -2.699990
1713001269.898139 30.314100 -3.783000 0.000000 0.000000 0.000000 -2.686960
1713001269.998837 30.358900 -3.742360 0.000000 0.000000 0.000000 -2.724910
1713001270.099712 30.404500 -3.702200 0.000000 0.000000 0.000000 -2.755450
1713001270.200357 30.452100 -3.661520 0.000000 0.000000 0.000000 -2.773440
1713001270.300964 30.502400 -3.619910 0.000000 0.000000 0.000000 -2.793400
1713001270.401819 30.556000 -3.578030 0.000000 0.000000 0.000000 -2.854720
1713001270.492377 30.606300 -3.539500 0.000000 0.000000 0.000000 -2.833020
1713001270.593068 30.664000 -3.496590 0.000000 0.000000 0.000000 -2.817820
1713001270.693944 30.722500 -3.454160 0.000000 0.000000 0.000000 -2.840660
1713001270.794575 30.781500 -3.412870 0.000000 0.000000 0.000000 -2.864610
1713001270.895176 30.840800 -3.372860 0.000000 0.000000 0.000000 -2.868190
1713001270.996936 30.907500 -3.329940 0.000000 0.000000 0.000000 -2.880830
1713001271.097499 30.969200 -3.291270 0.000000 0.000000 0.000000 -2.841590
1713001271.199805 31.031300 -3.253200 0.000000 0.000000 0.000000 -2.914600
1713001271.300327 31.093200 -3.215910 0.000000 0.000000 0.000000 -2.937990
1713001271.400948 31.156700 -3.179910 0.000000 0.000000 0.000000 -2.995230
1713001271.491683 31.215500 -3.148560 0.000000 0.000000 0.000000 -2.995280
1713001271.592396 31.281500 -3.115000 0.000000 0.000000 0.000000 -2.927770
1713001271.692995 31.348000 -3.081840 0.000000 0.000000 0.000000 -3.007770
1713001271.793687 31.414600 -3.049320 0.000000 0.000000 0.000000 -2.959190
1713001271.894277 31.482100 -3.017820 0.000000 0.000000 0.000000 -2.959680
1713001271.994914 31.549600 -2.988110 0.000000 0.000000 0.000000 -3.047520
1713001272.095517 31.625900 -2.957040 0.000000 0.000000 0.000000 -3.081290
1713001272.196260 31.695300 -2.929500 0.000000 0.000000 0.000000 -3.088770
1713001272.296922 31.765600 -2.903110 0.000000 0.000000 0.000000 -2.997360
1713001272.397563 31.837000 -2.877720 0.000000 0.000000 0.000000 -3.082230
1713001272.498144 31.908800 -2.852420 0.000000 0.000000 0.000000 3.127230
1713001272.598686 31.981100 -2.828310 0.000000 0.000000 0.000000 3.128490
1713001272.699427 32.053800 -2.806090 0.000000 0.000000 0.000000 3.092680
1713001272.800078 32.127000 -2.785420 0.000000 0.000000 0.000000 3.073930
1713001272.900644 32.201100 -2.765950 0.000000 0.000000 0.000000 2.989490
1713001272.991188 32.268000 -2.748710 0.000000 0.000000 0.000000 3.006450
1713001273.091844 32.342400 -2.731020 0.000000 0.000000 0.000000 3.023070
1713001273.192624 32.416000 -2.716070 0.000000 0.000000 0.000000 2.934860
1713001273.293459 32.490400 -2.701440 0.000000 0.000000 0.000000 2.897950
1713001273.394033 32.565800 -2.688090 0.000000 0.000000 0.000000 2.999470
1713001273.494648 32.640300 -2.675800 0.000000 0.000000 0.000000 2.937880
1713001273.595437 32.723200 -2.664260 0.000000 0.000000 0.000000 2.901400
1713001273.696532 32.797900 -2.654830 0.000000 0.000000 0.000000 2.907130
1713001273.797204 32.873300 -2.647260 0.000000 0.000000 0.000000 2.894030
1713001273.897896 32.948700 -2.640950 0.000000 0.000000 0.000000 2.831760
1713001273.998466 33.024200 -2.635560 0.000000 0.000000 0.000000 2.848940
1713001274.099156 33.099500 -2.631520 0.000000 0.000000 0.000000 2.827090
1713001274.199913 33.175000 -2.629390 0.000000 0.000000 0.000000 2.825310
1713001274.300514 33.250100 -2.629150 0.000000 0.000000 0.000000 2.805040
1713001274.401391 33.325500 -2.629580 0.000000 0.000000 0.000000 2.786700
1713001274.491957 33.392700 -2.630810 0.000000 0.000000 0.000000 2.751860
1713001274.592739 33.467000 -2.633420 0.000000 0.000000 0.000000 2.766200
1713001274.693777 33.540400 -2.637510 0.000000 0.000000 0.000000 2.731640
1713001274.794397 33.614000 -2.643170 0.000000 0.000000 0.000000 2.711370
1713001274.895118 33.687900 -2.650140 0.000000 0.000000 0.000000 2.703640
1713001274.996621 33.768100 -2.659540 0.000000 0.000000 0.000000 2.674970
1713001275.097223 33.840600 -2.668460 0.000000 0.000000 0.000000 2.652470
1713001275.197830 33.910900 -2.679040 0.000000 0.000000 0.000000 2.646450
1713001275.298393 33.978400 -2.691260 0.000000 0.000000 0.000000 2.654270
1713001275.399027 34.041600 -2.703800 0.000000 0.000000 0.000000 2.604710
1713001275.499685 34.098500 -2.714750 0.000000 0.000000 0.000000 2.594920
1713001275.592460 34.143700 -2.725130 0.000000 0.000000 0.000000 2.580580
1713001275.693207 34.185400 -2.735000 0.000000 0.000000 0.000000 2.588560
1713001275.794022 34.217700 -2.742170 0.000000 0.000000 0.000000 2.561390
1713001275.894782 34.239400 -2.749180 0.000000 0.000000 0.000000 2.546050
1713001275.995375 34.251000 -2.753260 0.000000 0.000000 0.000000 2.576550
1713001276.096026 34.251000 -2.753690 0.000000 0.000000 0.000000 2.570080
1713001276.196564 34.246400 -2.753090 0.000000 0.000000 0.000000 2.574620
1713001276.297178 34.244700 -2.754090 0.000000 0.000000 0.000000 2.585610
1713001276.397931 34.244700 -2.756890 0.000000 0.000000 0.000000 2.576200
1713001276.498553 34.243800 -2.756910 0.000000 0.000000 0.000000 2.571790
1713001276.599133 34.242700 -2.756610 0.000000 0.000000 0.000000 2.570370
1713001276.699739 34.241900 -2.757200 0.000000 0.000000 0.000000 2.576130
1713001276.800490 34.241500 -2.758000 0.000000 0.000000 0.000000 2.587400
1713001276.901138 34.240600 -2.758170 0.000000 0.000000 0.000000 2.581110
1713001276.991826 34.239800 -2.758500 0.000000 0.000000 0.000000 2.590820
1713001277.092442 34.238600 -2.759280 0.000000 0.000000 0.000000 2.571120
1713001277.193422 34.237300 -2.759710 0.000000 0.000000 0.000000 2.568440
1713001277.294054 34.236200 -2.759820 0.000000 0.000000 0.000000 2.565200
1713001277.394686 34.235200 -2.759820 0.000000 0.000000 0.000000 2.550510
1713001277.495770 34.234700 -2.760100 0.000000 0.000000 0.000000 2.557670
1713001277.592377 34.234400 -2.759760 0.000000 0.000000 0.000000 2.579150
1713001277.693201 34.234100 -2.758880 0.000000 0.000000 0.000000 2.579420
1713001277.793819 34.233500 -2.758290 0.000000 0.000000 0.000000 2.571730
1713001277.894570 34.230800 -2.757880 0.000000 0.000000 0.000000 2.584180
1713001277.995269 34.221500 -2.755370 0.000000 0.000000 0.000000 2.569740
1713001278.096302 34.206500 -2.750170 0.000000 0.000000 0.000000 2.591520
1713001278.196896 34.185800 -2.741410 0.000000 0.000000 0.000000 2.582650
1713001278.297483 34.160400 -2.730220 0.000000 0.000000 0.000000 2.590570
1713001278.398104 34.130900 -2.717000 0.000000 0.000000 0.000000 2.589150
1713001278.498700 34.098100 -2.701810 0.000000 0.000000 0.000000 2.594050
1713001278.599363 34.062100 -2.684330 0.000000 0.000000 0.000000 2.599260
1713001278.699970 34.023800 -2.664780 0.000000 0.000000 0.000000 2.585480
1713001278.800716 33.982900 -2.643010 0.000000 0.000000 0.000000 2.594190
1713001278.891414 33.944500 -2.621500 0.000000 0.000000 0.000000 2.601510
1713001278.992077 33.899800 -2.595140 0.000000 0.000000 0.000000 2.605990
1713001279.092680 33.853200 -2.566180 0.000000 0.000000 0.000000 2.588480
1713001279.193374 33.804800 -2.534010 0.000000 0.000000 0.000000 2.603830
1713001279.294171 33.753900 -2.499830 0.000000 0.000000 0.000000 2.591090
1713001279.395138 33.696000 -2.460120 0.000000 0.000000 0.000000 2.576970
1713001279.496323 33.642100 -2.421970 0.000000 0.000000 0.000000 2.591660
1713001279.596939 33.587500 -2.382230 0.000000 0.000000 0.000000 2.588270
1713001279.697573 33.533200 -2.339920 0.000000 0.000000 0.000000 2.597460
1713001279.798136 33.478900 -2.295380 0.000000 0.000000 0.000000 2.565740
1713001279.898709 33.424200 -2.248960 0.000000 0.000000 0.000000 2.575490
1713001280.001346 33.370300 -2.200610 0.000000 0.000000 0.000000 2.556200
1713001280.091890 33.322600 -2.156100 0.000000 0.000000 0.000000 2.567710
1713001280.192703 33.270800 -2.103540 0.000000 0.000000 0.000000 2.551230
1713001280.293998 33.220900 -2.051100 0.000000 0.000000 0.000000 2.535560
1713001280.394889 33.167400 -1.992240 0.000000 0.000000 0.000000 2.516310
1713001280.496447 33.121900 -1.941850 0.000000 0.000000 0.000000 2.514640
1713001280.600643 33.080000 -1.893400 0.000000 0.000000 0.000000 2.503900
1713001280.691465 33.047700 -1.854170 0.000000 0.000000 0.000000 2.484660
1713001280.794516 33.016800 -1.814840 0.000000 0.000000 0.000000 2.497870
1713001280.895182 32.985000 -1.773800 0.000000 0.000000 0.000000 2.483690
1713001280.996192 32.955800 -1.735450 0.000000 0.000000 0.000000 2.456190
1713001281.096835 32.926600 -1.694790 0.000000 0.000000 0.000000 2.445720
1713001281.197382 32.896700 -1.652770 0.000000 0.000000 0.000000 2.435770
1713001281.297926 32.866100 -1.609570 0.000000 0.000000 0.000000 2.436340
1713001281.399491 32.835600 -1.564830 0.000000 0.000000 0.000000 2.442490
1713001281.500159 32.804800 -1.517910 0.000000 0.000000 0.000000 2.423510
1713001281.600872 32.773900 -1.470710 0.000000 0.000000 0.000000 2.418370
1713001281.691772 32.746900 -1.428470 0.000000 0.000000 0.000000 2.402000
1713001281.792523 32.718200 -1.384240 0.000000 0.000000 0.000000 2.408780
1713001281.893085 32.692700 -1.341280 0.000000 0.000000 0.000000 2.413440
1713001281.993701 32.669200 -1.301040 0.000000 0.000000 0.000000 2.377500
1713001282.094442 32.648100 -1.265290 0.000000 0.000000 0.000000 2.373850
1713001282.195171 32.626800 -1.229960 0.000000 0.000000 0.000000 2.371740
1713001282.296068 32.610700 -1.201100 0.000000 0.000000 0.000000 2.366120
1713001282.396814 32.600500 -1.181340 0.000000 0.000000 0.000000 2.372900
1713001282.497421 32.597000 -1.172940 0.000000 0.000000 0.000000 2.346900
1713001282.598049 32.599200 -1.174190 0.000000 0.000000 0.000000 2.353770
1713001282.698688 32.600100 -1.175100 0.000000 0.000000 0.000000 2.353580
1713001282.799446 32.597700 -1.171130 0.000000 0.000000 0.000000 2.362410
1713001282.900189 32.597300 -1.168070 0.000000 0.000000 0.000000 2.340050
1713001283.000948 32.598500 -1.165500 0.000000 0.000000 0.000000 2.337470
1713001283.091505 32.598200 -1.163290 0.000000 0.000000 0.000000 2.342660
1713001283.192081 32.596500 -1.161030 0.000000 0.000000 0.000000 2.346490
1713001283.292885 32.596000 -1.158760 0.000000 0.000000 0.000000 2.311250
1713001283.393579 32.596000 -1.158090 0.000000 0.000000 0.000000 2.350290
1713001283.494188 32.595300 -1.155650 0.000000 0.000000 0.000000 2.372280
1713001283.594939 32.594800 -1.153670 0.000000 0.000000 0.000000 2.370930
1713001283.696373 32.594400 -1.152830 0.000000 0.000000 0.000000 2.373810
1713001283.797311 32.593900 -1.151890 0.000000 0.000000 0.000000 2.345820
1713001283.897993 32.593300 -1.151600 0.000000 0.000000 0.000000 2.374780
1713001283.998759 32.593000 -1.150160 0.000000 0.000000 0.000000 2.372870
1713001284.099426 32.592500 -1.148810 0.000000 0.000000 0.000000 2.344150
1713001284.199957 32.591000 -1.147990 0.000000 0.000000 0.000000 2.349120
1713001284.290512 32.590000 -1.147070 0.000000 0.000000 0.000000 2.353400
1713001284.391737 32.588900 -1.146060 0.000000 0.000000 0.000000 2.348000
1713001284.492339 32.587900 -1.145260 0.000000 0.000000 0.000000 2.350550
1713001284.593017 32.587300 -1.147820 0.000000 0.000000 0.000000 2.343560
1713001284.693934 32.589300 -1.153040 0.000000 0.000000 0.000000 2.349910
1713001284.794646 32.594200 -1.161670 0.000000 0.000000 0.000000 2.343550
1713001284.896008 32.602600 -1.175570 0.000000 0.000000 0.000000 2.345740
1713001284.996608 32.612800 -1.189670 0.000000 0.000000 0.000000 2.328910
1713001285.097236 32.625300 -1.208270 0.000000 0.000000 0.000000 2.358230
1713001285.197978 32.639900 -1.226790 0.000000 0.000000 0.000000 2.344410
1713001285.298604 32.655500 -1.245680 0.000000 0.000000 0.000000 2.360720
1713001285.399389 32.671500 -1.265120 0.000000 0.000000 0.000000 2.339970
1713001285.500089 32.688000 -1.284160 0.000000 0.000000 0.000000 2.373400
1713001285.600729 32.704400 -1.303640 0.000000 0.000000 0.000000 2.367840
1713001285.691422 32.719700 -1.320980 0.000000 0.000000 0.000000 2.300790
1713001285.791959 32.737500 -1.341150 0.000000 0.000000 0.000000 2.353980
1713001285.892543 32.755900 -1.360750 0.000000 0.000000 0.000000 2.272720
1713001285.993172 32.775600 -1.381490 0.000000 0.000000 0.000000 2.351780
1713001286.093719 32.796200 -1.403820 0.000000 0.000000 0.000000 2.350740
1713001286.194332 32.818300 -1.426050 0.000000 0.000000 0.000000 2.372860
1713001286.294930 32.844100 -1.450110 0.000000 0.000000 0.000000 2.374390
1713001286.395438 32.868900 -1.472880 0.000000 0.000000 0.000000 2.327460
1713001286.496002 32.894200 -1.496310 0.000000 0.000000 0.000000 2.348950
1713001286.596592 32.919500 -1.521150 0.000000 0.000000 0.000000 2.342900
1713001286.697432 32.945700 -1.545430 0.000000 0.000000 0.000000 2.348210
1713001286.798014 32.972800 -1.569580 0.000000 0.000000 0.000000 2.362360
1713001286.898842 33.000400 -1.594890 0.000000 0.000000 0.000000 2.346410
1713001286.999512 33.028800 -1.619690 0.000000 0.000000 0.000000 2.333630
1713001287.100194 33.058200 -1.644890 0.000000 0.000000 0.000000 2.333490
1713001287.200793 33.087700 -1.670160 0.000000 0.000000 0.000000 2.342370
1713001287.291799 33.114300 -1.691410 0.000000 0.000000 0.000000 2.326720
1713001287.392407 33.143200 -1.713470 0.000000 0.000000 0.000000 2.334180
1713001287.493134 33.171600 -1.735900 0.000000 0.000000 0.000000 2.334730
1713001287.593830 33.198800 -1.759120 0.000000 0.000000 0.000000 2.324910
1713001287.694576 33.225900 -1.781230 0.000000 0.000000 0.000000 2.314900
1713001287.795280 33.256000 -1.804550 0.000000 0.000000 0.000000 2.301120
1713001287.897146 33.283200 -1.825050 0.000000 0.000000 0.000000 2.299850
1713001287.997889 33.310200 -1.846070 0.000000 0.000000 0.000000 2.310660
1713001288.098523 33.337500 -1.869430 0.000000 0.000000 0.000000 2.306180
1713001288.199357 33.365500 -1.891360 0.000000 0.000000 0.000000 2.304750
1713001288.299907 33.393700 -1.912290 0.000000 0.000000 0.000000 2.281460
1713001288.390434 33.419600 -1.931180 0.000000 0.000000 0.000000 2.277950
1713001288.491012 33.448300 -1.953730 0.000000 0.000000 0.000000 2.287240
1713001288.591796 33.477000 -1.975450 0.000000 0.000000 0.000000 2.282460
1713001288.692493 33.505300 -1.996890 0.000000 0.000000 0.000000 2.275880
1713001288.793206 33.533400 -2.017970 0.000000 0.000000 0.000000 2.274950
1713001288.893844 33.561300 -2.038910 0.000000 0.000000 0.000000 2.255110
1713001288.994445 33.589200 -2.059060 0.000000 0.000000 0.000000 2.246560
1713001289.095261 33.619500 -2.081030 0.000000 0.000000 0.000000 2.243590
1713001289.195869 33.647300 -2.101150 0.000000 0.000000 0.000000 2.236310
1713001289.296459 33.676700 -2.122990 0.000000 0.000000 0.000000 2.218780
1713001289.397019 33.708100 -2.147090 0.000000 0.000000 0.000000 2.220000
1713001289.497661 33.740600 -2.172240 0.000000 0.000000 0.000000 2.202740
1713001289.591405 33.770100 -2.194430 0.000000 0.000000 0.000000 2.212980
1713001289.691997 33.803000 -2.219750 0.000000 0.000000 0.000000 2.201980
1713001289.792623 33.836300 -2.245490 0.000000 0.000000 0.000000 2.203010
1713001289.893251 33.870400 -2.271790 0.000000 0.000000 0.000000 2.188200
1713001289.993828 33.904900 -2.297800 0.000000 0.000000 0.000000 2.161500
1713001290.094427 33.938700 -2.324040 0.000000 0.000000 0.000000 2.178390
1713001290.195012 33.975900 -2.353700 0.000000 0.000000 0.000000 2.190960
1713001290.296718 34.009400 -2.382590 0.000000 0.000000 0.000000 2.143220
1713001290.398407 34.041500 -2.411510 0.000000 0.000000 0.000000 2.110010
1713001290.498999 34.074500 -2.438920 0.000000 0.000000 0.000000 2.110670
1713001290.599623 34.107300 -2.466730 0.000000 0.000000 0.000000 2.107320
1713001290.700242 34.140500 -2.495760 0.000000 0.000000 0.000000 2.104020
1713001290.790819 34.170300 -2.522240 0.000000 0.000000 0.000000 2.087150
1713001290.891431 34.202900 -2.551950 0.000000 0.000000 0.000000 2.080020
1713001290.992082 34.236800 -2.582260 0.000000 0.000000 0.000000 2.092290
1713001291.092732 34.269300 -2.614530 0.000000 0.000000 0.000000 2.075510
1713001291.193504 34.301700 -2.646230 0.000000 0.000000 0.000000 2.072530
1713001291.294273 34.334300 -2.678380 0.000000 0.000000 0.000000 2.021500
1713001291.394964 34.371000 -2.714920 0.000000 0.000000 0.000000 2.030960
