1713001576.093711 40.695900 3.181040 0.000000 0.000000 0.000000 0.284853
1713001576.184344 40.494500 3.125200 0.000000 0.000000 0.000000 0.257739
1713001576.285018 40.270800 3.062120 0.000000 0.000000 0.000000 0.318824
1713001576.386755 40.047400 2.996610 0.000000 0.000000 0.000000 0.243369
1713001576.487388 39.801800 2.921170 0.000000 0.000000 0.000000 0.243983
1713001576.587149 39.579600 2.852320 0.000000 0.000000 0.000000 0.304215
1713001576.687886 39.357700 2.782490 0.000000 0.000000 0.000000 0.268974
1713001576.788578 39.137300 2.711370 0.000000 0.000000 0.000000 0.294963
1713001576.889253 38.919000 2.637930 0.000000 0.000000 0.000000 0.317437
1713001576.990071 38.703100 2.563250 0.000000 0.000000 0.000000 0.291233
1713001577.090743 38.488200 2.485600 0.000000 0.000000 0.000000 0.355479
1713001577.191696 38.274300 2.407520 0.000000 0.000000 0.000000 0.337748
1713001577.292393 38.061900 2.331420 0.000000 0.000000 0.000000 0.356278
1713001577.393086 37.850500 2.255140 0.000000 0.000000 0.000000 0.340194
1713001577.493702 37.641000 2.177880 0.000000 0.000000 0.000000 0.395647
1713001577.594514 37.433400 2.098800 0.000000 0.000000 0.000000 0.361117
1713001577.685173 37.247200 2.027550 0.000000 0.000000 0.000000 0.356583
1713001577.785959 37.041300 1.948360 0.000000 0.000000 0.000000 0.381455
1713001577.886884 36.837800 1.868280 0.000000 0.000000 0.000000 0.349516
1713001577.987591 36.617900 1.780280 0.000000 0.000000 0.000000 0.361135
1713001578.088347 36.421700 1.699620 0.000000 0.000000 0.000000 0.364241
1713001578.188951 36.229400 1.618170 0.000000 0.000000 0.000000 0.368997
1713001578.290666 36.040400 1.537030 0.000000 0.000000 0.000000 0.378224
1713001578.391328 35.854000 1.457480 0.000000 0.000000 0.000000 0.386076
1713001578.491953 35.669600 1.380020 0.000000 0.000000 0.000000 0.420057
1713001578.592821 35.486200 1.302790 0.000000 0.000000 0.000000 0.384585
1713001578.693636 35.305100 1.224720 0.000000 0.000000 0.000000 0.412230
1713001578.794355 35.126200 1.145680 0.000000 0.000000 0.000000 0.408037
1713001578.895042 34.948800 1.067310 0.000000 0.000000 0.000000 0.391148
1713001578.995689 34.773300 0.988476 0.000000 0.000000 0.000000 0.408693
1713001579.086321 34.618300 0.917627 0.000000 0.000000 0.000000 0.396261
1713001579.186980 34.450700 0.839478 0.000000 0.000000 0.000000 0.406917
1713001579.287726 34.272900 0.751410 0.000000 0.000000 0.000000 0.412590
1713001579.388319 34.117700 0.672387 0.000000 0.000000 0.000000 0.411223
1713001579.489563 33.968900 0.594425 0.000000 0.000000 0.000000 0.425422
1713001579.590340 33.826300 0.517783 0.000000 0.000000 0.000000 0.438858
1713001579.691047 33.689100 0.443395 0.000000 0.000000 0.000000 0.452664
1713001579.791632 33.556200 0.369380 0.000000 0.000000 0.000000 0.465677
1713001579.892260 33.427900 0.296900 0.000000 0.000000 0.000000 0.476600
1713001579.993089 33.305100 0.225652 0.000000 0.000000 0.000000 0.460971
1713001580.093703 33.186200 0.155902 0.000000 0.000000 0.000000 0.469903
1713001580.194314 33.071600 0.088074 0.000000 0.000000 0.000000 0.487638
1713001580.309396 32.938700 0.005987 0.000000 0.000000 0.000000 0.491169
1713001580.389915 32.852600 -0.048797 0.000000 0.000000 0.000000 0.487279
1713001580.487401 32.746200 -0.116687 0.000000 0.000000 0.000000 0.487822
1713001580.588040 32.642000 -0.184885 0.000000 0.000000 0.000000 0.524506
1713001580.688630 32.538300 -0.254851 0.000000 0.000000 0.000000 0.521292
1713001580.794472 32.435700 -0.325410 0.000000 0.000000 0.000000 0.528209
1713001580.885173 32.344700 -0.389653 0.000000 0.000000 0.000000 0.511058
1713001580.986413 32.245800 -0.461659 0.000000 0.000000 0.000000 0.533409
1713001581.088558 32.138200 -0.542340 0.000000 0.000000 0.000000 0.548385
1713001581.189146 32.042600 -0.616605 0.000000 0.000000 0.000000 0.532537
1713001581.288165 31.948300 -0.692104 0.000000 0.000000 0.000000 0.555347
1713001581.392916 31.855700 -0.767684 0.000000 0.000000 0.000000 0.576896
1713001581.493547 31.764000 -0.844775 0.000000 0.000000 0.000000 0.588332
1713001581.587623 31.673300 -0.923221 0.000000 0.000000 0.000000 0.601324
1713001581.690681 31.584400 -1.002370 0.000000 0.000000 0.000000 0.592078
1713001581.791432 31.498100 -1.082980 0.000000 0.000000 0.000000 0.631982
1713001581.891997 31.411500 -1.164440 0.000000 0.000000 0.000000 0.628836
1713001581.992620 31.325000 -1.247260 0.000000 0.000000 0.000000 0.664973
1713001582.093257 31.239100 -1.332370 0.000000 0.000000 0.000000 0.663419
1713001582.194166 31.153000 -1.419080 0.000000 0.000000 0.000000 0.652453
1713001582.284808 31.075400 -1.498650 0.000000 0.000000 0.000000 0.677026
1713001582.385567 30.988000 -1.587860 0.000000 0.000000 0.000000 0.680809
1713001582.487880 30.890600 -1.688320 0.000000 0.000000 0.000000 0.683113
1713001582.588466 30.802000 -1.782510 0.000000 0.000000 0.000000 0.687584
1713001582.688071 30.713200 -1.878410 0.000000 0.000000 0.000000 0.705336
1713001582.790486 30.622200 -1.978070 0.000000 0.000000 0.000000 0.705608
1713001582.887732 30.529700 -2.078800 0.000000 0.000000 0.000000 0.744246
1713001582.990469 30.436900 -2.181010 0.000000 0.000000 0.000000 0.731904
1713001583.091259 30.342700 -2.285730 0.000000 0.000000 0.000000 0.761445
1713001583.187558 30.247200 -2.392670 0.000000 0.000000 0.000000 0.760345
1713001583.289194 30.152400 -2.501630 0.000000 0.000000 0.000000 0.762188
1713001583.393332 30.056900 -2.612930 0.000000 0.000000 0.000000 0.780462
1713001583.494816 29.959900 -2.725850 0.000000 0.000000 0.000000 0.793904
1713001583.595547 29.860800 -2.840170 0.000000 0.000000 0.000000 0.787848
1713001583.686083 29.770400 -2.945340 0.000000 0.000000 0.000000 0.790696
1713001583.786754 29.668600 -3.063230 0.000000 0.000000 0.000000 0.808669
1713001583.887919 29.555700 -3.194370 0.000000 0.000000 0.000000 0.811262
1713001583.990406 29.452000 -3.316060 0.000000 0.000000 0.000000 0.825150
1713001584.091718 29.348700 -3.438240 0.000000 0.000000 0.000000 0.815346
1713001584.192303 29.246000 -3.560110 0.000000 0.000000 0.000000 0.814035
1713001584.292926 29.143300 -3.681140 0.000000 0.000000 0.000000 0.830616
1713001584.387812 29.039900 -3.800500 0.000000 0.000000 0.000000 0.848775
1713001584.490551 28.936300 -3.917500 0.000000 0.000000 0.000000 0.845622
1713001584.591109 28.831900 -4.033230 0.000000 0.000000 0.000000 0.822498
1713001584.691684 28.727200 -4.147780 0.000000 0.000000 0.000000 0.814814
1713001584.792193 28.623100 -4.261600 0.000000 0.000000 0.000000 0.811090
1713001584.892758 28.517900 -4.373660 0.000000 0.000000 0.000000 0.808593
1713001584.987226 28.411200 -4.483110 0.000000 0.000000 0.000000 0.822146
1713001585.088231 28.303400 -4.589680 0.000000 0.000000 0.000000 0.814059
1713001585.187333 28.194400 -4.694980 0.000000 0.000000 0.000000 0.803965
1713001585.290398 28.084500 -4.799150 0.000000 0.000000 0.000000 0.795356
1713001585.392813 27.974300 -4.900980 0.000000 0.000000 0.000000 0.812354
1713001585.493439 27.863100 -5.000530 0.000000 0.000000 0.000000 0.808189
1713001585.594045 27.751100 -5.097380 0.000000 0.000000 0.000000 0.771193
1713001585.694809 27.638900 -5.190290 0.000000 0.000000 0.000000 0.762633
1713001585.785392 27.538300 -5.271280 0.000000 0.000000 0.000000 0.748593
1713001585.886159 27.429000 -5.358750 0.000000 0.000000 0.000000 0.738384
1713001585.986874 27.311800 -5.451610 0.000000 0.000000 0.000000 0.753290
1713001586.091334 27.207500 -5.532250 0.000000 0.000000 0.000000 0.715831
1713001586.187795 27.104700 -5.609310 0.000000 0.000000 0.000000 0.720782
1713001586.290218 27.003500 -5.682660 0.000000 0.000000 0.000000 0.698579
1713001586.394072 26.903400 -5.755070 0.000000 0.000000 0.000000 0.705177
1713001586.484621 26.814300 -5.818390 0.000000 0.000000 0.000000 0.710537
1713001586.585236 26.715800 -5.886820 0.000000 0.000000 0.000000 0.674485
1713001586.696136 26.608300 -5.961350 0.000000 0.000000 0.000000 0.680371
1713001586.786907 26.510700 -6.028200 0.000000 0.000000 0.000000 0.657979
1713001586.890347 26.413500 -6.094020 0.000000 0.000000 0.000000 0.641441
1713001586.987247 26.318000 -6.159070 0.000000 0.000000 0.000000 0.656376
1713001587.090258 26.223700 -6.223630 0.000000 0.000000 0.000000 0.642469
1713001587.190852 26.131300 -6.287550 0.000000 0.000000 0.000000 0.649341
1713001587.291441 26.041100 -6.349820 0.000000 0.000000 0.000000 0.650286
1713001587.387476 25.953600 -6.409830 0.000000 0.000000 0.000000 0.627495
1713001587.491150 25.868800 -6.466910 0.000000 0.000000 0.000000 0.644780
1713001587.591789 25.787300 -6.520990 0.000000 0.000000 0.000000 0.620774
1713001587.692449 25.709000 -6.573600 0.000000 0.000000 0.000000 0.624088
1713001587.793071 25.633100 -6.623140 0.000000 0.000000 0.000000 0.616098
1713001587.893766 25.560000 -6.671580 0.000000 0.000000 0.000000 0.614752
1713001587.991761 25.488600 -6.718410 0.000000 0.000000 0.000000 0.654253
1713001588.087246 25.419800 -6.764270 0.000000 0.000000 0.000000 0.611886
1713001588.190812 25.352300 -6.809210 0.000000 0.000000 0.000000 0.639138
1713001588.291558 25.285200 -6.853770 0.000000 0.000000 0.000000 0.614598
1713001588.387651 25.218600 -6.898580 0.000000 0.000000 0.000000 0.615445
1713001588.489149 25.152400 -6.943360 0.000000 0.000000 0.000000 0.604610
1713001588.589729 25.086600 -6.987800 0.000000 0.000000 0.000000 0.606428
1713001588.687508 25.021200 -7.031410 0.000000 0.000000 0.000000 0.624527
1713001588.790473 24.957800 -7.074110 0.000000 0.000000 0.000000 0.598335
1713001588.891224 24.896700 -7.115070 0.000000 0.000000 0.000000 0.645675
1713001588.987626 24.837900 -7.155620 0.000000 0.000000 0.000000 0.617422
1713001589.091508 24.782600 -7.193900 0.000000 0.000000 0.000000 0.610301
1713001589.186915 24.730600 -7.229460 0.000000 0.000000 0.000000 0.615449
1713001589.291876 24.682400 -7.262300 0.000000 0.000000 0.000000 0.603259
1713001589.387821 24.637400 -7.293860 0.000000 0.000000 0.000000 0.596667
1713001589.490034 24.595100 -7.323980 0.000000 0.000000 0.000000 0.590399
1713001589.591156 24.554500 -7.353940 0.000000 0.000000 0.000000 0.601060
1713001589.687486 24.514000 -7.383020 0.000000 0.000000 0.000000 0.591857
1713001589.790695 24.473700 -7.411980 0.000000 0.000000 0.000000 0.598754
1713001589.887493 24.434300 -7.440230 0.000000 0.000000 0.000000 0.603507
1713001589.988904 24.395600 -7.467580 0.000000 0.000000 0.000000 0.602990
1713001590.090804 24.358100 -7.494720 0.000000 0.000000 0.000000 0.606560
1713001590.191408 24.322300 -7.520040 0.000000 0.000000 0.000000 0.607595
1713001590.292014 24.288100 -7.544050 0.000000 0.000000 0.000000 0.602684
1713001590.392965 24.256300 -7.566750 0.000000 0.000000 0.000000 0.605902
1713001590.487298 24.226000 -7.588650 0.000000 0.000000 0.000000 0.610172
1713001590.590553 24.197900 -7.608170 0.000000 0.000000 0.000000 0.598019
1713001590.687430 24.171800 -7.626580 0.000000 0.000000 0.000000 0.632755
1713001590.790595 24.148500 -7.643130 0.000000 0.000000 0.000000 0.612962
1713001590.887137 24.128700 -7.656540 0.000000 0.000000 0.000000 0.592878
1713001590.990531 24.113300 -7.667030 0.000000 0.000000 0.000000 0.601392
1713001591.091140 24.104300 -7.673400 0.000000 0.000000 0.000000 0.599762
1713001591.191783 24.103300 -7.673040 0.000000 0.000000 0.000000 0.603816
1713001591.292490 24.106900 -7.669450 0.000000 0.000000 0.000000 0.607275
1713001591.387549 24.106900 -7.668900 0.000000 0.000000 0.000000 0.600551
1713001591.490256 24.105400 -7.669240 0.000000 0.000000 0.000000 0.607949
1713001591.590821 24.106400 -7.668110 0.000000 0.000000 0.000000 0.605536
1713001591.691380 24.107100 -7.667120 0.000000 0.000000 0.000000 0.620605
1713001591.792122 24.106300 -7.666830 0.000000 0.000000 0.000000 0.620700
1713001591.892778 24.106400 -7.666160 0.000000 0.000000 0.000000 0.601275
1713001591.993554 24.107300 -7.665130 0.000000 0.000000 0.000000 0.616512
1713001592.084190 24.107500 -7.664690 0.000000 0.000000 0.000000 0.602236
1713001592.194834 24.107700 -7.664700 0.000000 0.000000 0.000000 0.604463
1713001592.285407 24.108300 -7.664030 0.000000 0.000000 0.000000 0.603483
1713001592.387270 24.109600 -7.662590 0.000000 0.000000 0.000000 0.607078
1713001592.490339 24.110500 -7.662090 0.000000 0.000000 0.000000 0.611384
1713001592.590939 24.111100 -7.663230 0.000000 0.000000 0.000000 0.608418
1713001592.691543 24.111500 -7.664140 0.000000 0.000000 0.000000 0.608378
1713001592.792188 24.112000 -7.664840 0.000000 0.000000 0.000000 0.614732
1713001592.887646 24.112700 -7.665480 0.000000 0.000000 0.000000 0.600427
1713001592.990380 24.113500 -7.666000 0.000000 0.000000 0.000000 0.619641
1713001593.091054 24.114200 -7.666120 0.000000 0.000000 0.000000 0.604860
1713001593.191648 24.114900 -7.666870 0.000000 0.000000 0.000000 0.625174
1713001593.292540 24.115500 -7.666980 0.000000 0.000000 0.000000 0.623936
1713001593.394413 24.115900 -7.666800 0.000000 0.000000 0.000000 0.620784
1713001593.495141 24.116900 -7.667040 0.000000 0.000000 0.000000 0.616913
1713001593.585736 24.118500 -7.666240 0.000000 0.000000 0.000000 0.604349
1713001593.687152 24.123000 -7.663400 0.000000 0.000000 0.000000 0.606612
1713001593.790467 24.130000 -7.659160 0.000000 0.000000 0.000000 0.609189
1713001593.891027 24.140300 -7.652450 0.000000 0.000000 0.000000 0.611406
1713001593.987299 24.153600 -7.644360 0.000000 0.000000 0.000000 0.609611
1713001594.088830 24.169200 -7.635950 0.000000 0.000000 0.000000 0.611740
1713001594.190122 24.187600 -7.625970 0.000000 0.000000 0.000000 0.618842
1713001594.290867 24.208400 -7.615250 0.000000 0.000000 0.000000 0.625460
1713001594.387794 24.232000 -7.604170 0.000000 0.000000 0.000000 0.638277
1713001594.490938 24.257200 -7.592270 0.000000 0.000000 0.000000 0.572209
1713001594.592268 24.284200 -7.580140 0.000000 0.000000 0.000000 0.391849
1713001594.687645 24.313400 -7.568710 0.000000 0.000000 0.000000 0.610538
1713001594.790362 24.344700 -7.556610 0.000000 0.000000 0.000000 0.649635
1713001594.891087 24.377800 -7.544180 0.000000 0.000000 0.000000 0.641685
1713001594.987255 24.412400 -7.530050 0.000000 0.000000 0.000000 0.634613
1713001595.090125 24.449300 -7.516290 0.000000 0.000000 0.000000 0.656713
1713001595.190730 24.487700 -7.502780 0.000000 0.000000 0.000000 0.669685
1713001595.291426 24.527000 -7.489370 0.000000 0.000000 0.000000 0.677566
1713001595.394105 24.567200 -7.474430 0.000000 0.000000 0.000000 0.704955
1713001595.484882 24.603800 -7.459940 0.000000 0.000000 0.000000 0.697030
1713001595.585622 24.644800 -7.443180 0.000000 0.000000 0.000000 0.701706
1713001595.686319 24.686500 -7.426160 0.000000 0.000000 0.000000 0.718790
1713001595.788101 24.733300 -7.407010 0.000000 0.000000 0.000000 0.719302
1713001595.887746 24.776200 -7.388790 0.000000 0.000000 0.000000 0.754896
1713001595.990561 24.820200 -7.369070 0.000000 0.000000 0.000000 0.741638
1713001596.091166 24.865200 -7.348180 0.000000 0.000000 0.000000 0.766184
1713001596.192012 24.910600 -7.326430 0.000000 0.000000 0.000000 0.771083
1713001596.292710 24.956300 -7.304090 0.000000 0.000000 0.000000 0.793380
1713001596.393458 25.002700 -7.280530 0.000000 0.000000 0.000000 0.782164
1713001596.494158 25.049600 -7.256260 0.000000 0.000000 0.000000 0.799420
1713001596.584687 25.091500 -7.233730 0.000000 0.000000 0.000000 0.823111
1713001596.685536 25.138400 -7.207420 0.000000 0.000000 0.000000 0.837992
1713001596.786323 25.185900 -7.180840 0.000000 0.000000 0.000000 0.845022
1713001596.887287 25.237900 -7.151430 0.000000 0.000000 0.000000 0.849892
1713001596.987987 25.285400 -7.123500 0.000000 0.000000 0.000000 0.869407
1713001597.090501 25.331500 -7.094490 0.000000 0.000000 0.000000 0.877599
1713001597.187325 25.378600 -7.065290 0.000000 0.000000 0.000000 0.888669
1713001597.289969 25.425700 -7.035430 0.000000 0.000000 0.000000 0.900647
1713001597.390541 25.472900 -7.003820 0.000000 0.000000 0.000000 0.899188
1713001597.491466 25.518600 -6.972180 0.000000 0.000000 0.000000 0.940117
1713001597.592099 25.563700 -6.940530 0.000000 0.000000 0.000000 0.934318
1713001597.687376 25.608700 -6.909550 0.000000 0.000000 0.000000 0.988778
1713001597.790357 25.652000 -6.877940 0.000000 0.000000 0.000000 0.989799
1713001597.887072 25.694000 -6.846420 0.000000 0.000000 0.000000 1.014410
1713001597.990041 25.735100 -6.814820 0.000000 0.000000 0.000000 1.002200
1713001598.090807 25.774400 -6.783970 0.000000 0.000000 0.000000 1.009190
1713001598.191447 25.811200 -6.754600 0.000000 0.000000 0.000000 1.018160
1713001598.292032 25.844800 -6.727010 0.000000 0.000000 0.000000 1.024180
1713001598.392598 25.875400 -6.702080 0.000000 0.000000 0.000000 1.021430
1713001598.487157 25.902800 -6.679540 0.000000 0.000000 0.000000 1.034500
1713001598.590812 25.926700 -6.659130 0.000000 0.000000 0.000000 1.025750
1713001598.691471 25.948900 -6.639840 0.000000 0.000000 0.000000 1.049680
1713001598.785679 25.968000 -6.623320 0.000000 0.000000 0.000000 1.037140
1713001598.886321 25.989000 -6.605860 0.000000 0.000000 0.000000 1.091080
1713001598.989967 26.010900 -6.585970 0.000000 0.000000 0.000000 1.069200
1713001599.090613 26.030700 -6.568090 0.000000 0.000000 0.000000 1.065220
1713001599.191499 26.049800 -6.550000 0.000000 0.000000 0.000000 1.082430
1713001599.292140 26.069100 -6.532480 0.000000 0.000000 0.000000 1.111600
1713001599.387383 26.089500 -6.514730 0.000000 0.000000 0.000000 1.115550
1713001599.490621 26.109900 -6.495040 0.000000 0.000000 0.000000 1.097210
1713001599.587180 26.130700 -6.475010 0.000000 0.000000 0.000000 1.102300
1713001599.688863 26.151800 -6.454310 0.000000 0.000000 0.000000 1.120930
1713001599.790171 26.172400 -6.433340 0.000000 0.000000 0.000000 1.118870
1713001599.890862 26.192200 -6.413010 0.000000 0.000000 0.000000 1.125320
1713001599.991514 26.211000 -6.394150 0.000000 0.000000 0.000000 1.117480
1713001600.092128 26.226200 -6.377460 0.000000 0.000000 0.000000 1.136890
1713001600.192757 26.240900 -6.361890 0.000000 0.000000 0.000000 1.128870
1713001600.293409 26.254500 -6.347440 0.000000 0.000000 0.000000 1.162040
1713001600.384030 26.266200 -6.336060 0.000000 0.000000 0.000000 1.164620
1713001600.495147 26.278500 -6.322950 0.000000 0.000000 0.000000 1.187790
1713001600.585951 26.286400 -6.313190 0.000000 0.000000 0.000000 1.153000
1713001600.686616 26.291600 -6.306430 0.000000 0.000000 0.000000 1.160890
1713001600.789210 26.290900 -6.307100 0.000000 0.000000 0.000000 1.224610
1713001600.887347 26.288100 -6.310780 0.000000 0.000000 0.000000 1.166750
1713001600.990352 26.286600 -6.311180 0.000000 0.000000 0.000000 1.164630
1713001601.091059 26.286100 -6.310260 0.000000 0.000000 0.000000 1.161860
1713001601.191952 26.285400 -6.311640 0.000000 0.000000 0.000000 1.154520
1713001601.292567 26.284500 -6.312020 0.000000 0.000000 0.000000 1.152900
1713001601.393183 26.283800 -6.311730 0.000000 0.000000 0.000000 1.133060
1713001601.493834 26.282900 -6.312110 0.000000 0.000000 0.000000 1.150320
1713001601.594476 26.281400 -6.312880 0.000000 0.000000 0.000000 1.150220
1713001601.685024 26.280700 -6.312950 0.000000 0.000000 0.000000 1.166930
1713001601.785727 26.280100 -6.313040 0.000000 0.000000 0.000000 1.167870
1713001601.887411 26.278800 -6.313510 0.000000 0.000000 0.000000 1.157430
1713001601.988506 26.277700 -6.314190 0.000000 0.000000 0.000000 1.208440
1713001602.089163 26.276300 -6.315130 0.000000 0.000000 0.000000 1.185340
1713001602.190407 26.275200 -6.315310 0.000000 0.000000 0.000000 1.159020
1713001602.291256 26.274600 -6.315640 0.000000 0.000000 0.000000 1.145640
1713001602.392801 26.273800 -6.316140 0.000000 0.000000 0.000000 1.153170
1713001602.493976 26.272000 -6.317990 0.000000 0.000000 0.000000 1.165550
1713001602.594615 26.268100 -6.322900 0.000000 0.000000 0.000000 1.129240
1713001602.685196 26.262400 -6.330900 0.000000 0.000000 0.000000 1.163120
1713001602.786961 26.253300 -6.345600 0.000000 0.000000 0.000000 1.132790
1713001602.889946 26.243300 -6.363350 0.000000 0.000000 0.000000 1.180670
1713001602.990516 26.232100 -6.384470 0.000000 0.000000 0.000000 1.130950
1713001603.091158 26.217700 -6.409140 0.000000 0.000000 0.000000 1.147080
1713001603.191741 26.202900 -6.437470 0.000000 0.000000 0.000000 1.149190
1713001603.292544 26.187300 -6.469420 0.000000 0.000000 0.000000 1.133990
1713001603.393140 26.170700 -6.504320 0.000000 0.000000 0.000000 1.159440
1713001603.493715 26.154200 -6.542680 0.000000 0.000000 0.000000 1.160400
1713001603.594367 26.137000 -6.583590 0.000000 0.000000 0.000000 1.166130
1713001603.685014 26.121500 -6.622690 0.000000 0.000000 0.000000 1.157850
1713001603.785669 26.104300 -6.668300 0.000000 0.000000 0.000000 1.163460
1713001603.886317 26.086700 -6.721850 0.000000 0.000000 0.000000 1.159900
1713001603.990217 26.070900 -6.773130 0.000000 0.000000 0.000000 1.157810
1713001604.090726 26.055800 -6.826620 0.000000 0.000000 0.000000 1.164750
1713001604.191315 26.040800 -6.881440 0.000000 0.000000 0.000000 1.171350
1713001604.291886 26.026900 -6.936360 0.000000 0.000000 0.000000 1.164400
1713001604.387350 26.014600 -6.992670 0.000000 0.000000 0.000000 1.183520
1713001604.488060 26.002900 -7.049370 0.000000 0.000000 0.000000 1.184850
1713001604.591289 25.991600 -7.105560 0.000000 0.000000 0.000000 1.221550
1713001604.692054 25.980900 -7.162200 0.000000 0.000000 0.000000 1.212110
1713001604.792864 25.971900 -7.218380 0.000000 0.000000 0.000000 1.223020
1713001604.893711 25.962500 -7.273690 0.000000 0.000000 0.000000 1.231110
1713001604.994552 25.953400 -7.328000 0.000000 0.000000 0.000000 1.228620
1713001605.085171 25.946200 -7.375370 0.000000 0.000000 0.000000 1.230710
1713001605.185785 25.939000 -7.426530 0.000000 0.000000 0.000000 1.254990
1713001605.286377 25.932900 -7.479670 0.000000 0.000000 0.000000 1.240640
1713001605.387491 25.927900 -7.525730 0.000000 0.000000 0.000000 1.258920
1713001605.488098 25.922800 -7.568570 0.000000 0.000000 0.000000 1.252530
1713001605.588700 25.919200 -7.610510 0.000000 0.000000 0.000000 1.279490
1713001605.689262 25.916100 -7.652530 0.000000 0.000000 0.000000 1.270780
1713001605.789811 25.913400 -7.694190 0.000000 0.000000 0.000000 1.282460
1713001605.890338 25.910000 -7.736090 0.000000 0.000000 0.000000 1.284880
1713001605.985445 25.905800 -7.774280 0.000000 0.000000 0.000000 1.297620
1713001606.086024 25.902200 -7.815380 0.000000 0.000000 0.000000 1.307030
1713001606.186607 25.899000 -7.860150 0.000000 0.000000 0.000000 1.313160
1713001606.287253 25.896600 -7.899640 0.000000 0.000000 0.000000 1.329510
1713001606.388008 25.894700 -7.933890 0.000000 0.000000 0.000000 1.330390
1713001606.488581 25.893200 -7.962160 0.000000 0.000000 0.000000 1.334020
1713001606.589161 25.891500 -7.982480 0.000000 0.000000 0.000000 1.333140
1713001606.689765 25.890200 -7.992130 0.000000 0.000000 0.000000 1.337300
1713001606.790335 25.889100 -7.992740 0.000000 0.000000 0.000000 1.345470
1713001606.893014 25.888600 -7.990960 0.000000 0.000000 0.000000 1.345740
1713001606.993801 25.887600 -7.990480 0.000000 0.000000 0.000000 1.343530
1713001607.094530 25.887300 -7.993500 0.000000 0.000000 0.000000 1.346250
1713001607.185235 25.887500 -7.999840 0.000000 0.000000 0.000000 1.349440
1713001607.285983 25.887400 -8.011950 0.000000 0.000000 0.000000 1.333540
1713001607.386591 25.886500 -8.031850 0.000000 0.000000 0.000000 1.337790
1713001607.491383 25.885500 -8.055880 0.000000 0.000000 0.000000 1.357020
1713001607.591990 25.885600 -8.084890 0.000000 0.000000 0.000000 1.356450
1713001607.687186 25.885400 -8.117200 0.000000 0.000000 0.000000 1.347840
1713001607.787832 25.885400 -8.152340 0.000000 0.000000 0.000000 1.382740
1713001607.888494 25.886100 -8.189710 0.000000 0.000000 0.000000 1.359700
1713001607.989090 25.886800 -8.228260 0.000000 0.000000 0.000000 1.387250
1713001608.089738 25.887300 -8.264900 0.000000 0.000000 0.000000 1.396010
1713001608.186795 25.888100 -8.296100 0.000000 0.000000 0.000000 1.389680
1713001608.287898 25.888700 -8.318150 0.000000 0.000000 0.000000 1.387220
1713001608.387143 25.889100 -8.328740 0.000000 0.000000 0.000000 1.391890
1713001608.487727 25.888900 -8.327710 0.000000 0.000000 0.000000 1.376930
1713001608.589900 25.888100 -8.322830 0.000000 0.000000 0.000000 1.381360
1713001608.687112 25.887300 -8.323550 0.000000 0.000000 0.000000 1.392340
1713001608.787714 25.886800 -8.325230 0.000000 0.000000 0.000000 1.397180
1713001608.890208 25.886600 -8.323920 0.000000 0.000000 0.000000 1.394750
1713001608.991076 25.886300 -8.323200 0.000000 0.000000 0.000000 1.387400
1713001609.091714 25.884300 -8.323650 0.000000 0.000000 0.000000 1.376940
1713001609.192349 25.882800 -8.323710 0.000000 0.000000 0.000000 1.408700
1713001609.293218 25.881700 -8.323050 0.000000 0.000000 0.000000 1.394160
1713001609.393901 25.880400 -8.323320 0.000000 0.000000 0.000000 1.405440
1713001609.484480 25.879500 -8.323640 0.000000 0.000000 0.000000 1.405090
1713001609.585192 25.878500 -8.322770 0.000000 0.000000 0.000000 1.395240
1713001609.685871 25.877900 -8.321810 0.000000 0.000000 0.000000 1.407180
1713001609.787855 25.877000 -8.320980 0.000000 0.000000 0.000000 1.399430
1713001609.891075 25.875800 -8.321040 0.000000 0.000000 0.000000 1.396150
1713001609.991733 25.875200 -8.320890 0.000000 0.000000 0.000000 1.388120
1713001610.092366 25.874300 -8.320560 0.000000 0.000000 0.000000 1.383210
1713001610.192960 25.873100 -8.320360 0.000000 0.000000 0.000000 1.392350
1713001610.293564 25.872800 -8.319500 0.000000 0.000000 0.000000 1.377800
1713001610.384099 25.872500 -8.317410 0.000000 0.000000 0.000000 1.397040
1713001610.484702 25.872300 -8.313400 0.000000 0.000000 0.000000 1.394320
1713001610.586831 25.872600 -8.306300 0.000000 0.000000 0.000000 1.391550
1713001610.687484 25.873500 -8.297190 0.000000 0.000000 0.000000 1.406600
1713001610.788388 25.875400 -8.285940 0.000000 0.000000 0.000000 1.407950
1713001610.889246 25.878100 -8.272220 0.000000 0.000000 0.000000 1.404190
1713001610.989798 25.880800 -8.257620 0.000000 0.000000 0.000000 1.411620
1713001611.090492 25.884300 -8.242070 0.000000 0.000000 0.000000 1.425910
1713001611.191101 25.889200 -8.225810 0.000000 0.000000 0.000000 1.411510
1713001611.291962 25.894300 -8.208510 0.000000 0.000000 0.000000 1.401740
1713001611.385532 25.899300 -8.191370 0.000000 0.000000 0.000000 1.413770
1713001611.486216 25.906700 -8.168570 0.000000 0.000000 0.000000 1.392750
1713001611.588333 25.914500 -8.145970 0.000000 0.000000 0.000000 1.390350
1713001611.689065 25.923400 -8.121990 0.000000 0.000000 0.000000 1.415490
1713001611.789742 25.934100 -8.095940 0.000000 0.000000 0.000000 1.406870
1713001611.890353 25.945100 -8.068660 0.000000 0.000000 0.000000 1.423780
1713001611.990993 25.956400 -8.040350 0.000000 0.000000 0.000000 1.423640
1713001612.091601 25.969700 -8.010180 0.000000 0.000000 0.000000 1.432390
1713001612.192209 25.984000 -7.979190 0.000000 0.000000 0.000000 1.400610
1713001612.293054 25.999400 -7.947410 0.000000 0.000000 0.000000 1.475400
1713001612.385390 26.012800 -7.918080 0.000000 0.000000 0.000000 1.458560
1713001612.485948 26.027800 -7.883990 0.000000 0.000000 0.000000 1.469180
1713001612.586732 26.044300 -7.846310 0.000000 0.000000 0.000000 1.469350
1713001612.689617 26.060200 -7.811410 0.000000 0.000000 0.000000 1.476500
1713001612.790188 26.075700 -7.775590 0.000000 0.000000 0.000000 1.477840
1713001612.890776 26.090400 -7.739820 0.000000 0.000000 0.000000 1.499360
1713001612.991585 26.104900 -7.703040 0.000000 0.000000 0.000000 1.510430
1713001613.092151 26.119500 -7.665560 0.000000 0.000000 0.000000 1.511880
1713001613.185069 26.132900 -7.632180 0.000000 0.000000 0.000000 1.516360
1713001613.285860 26.146400 -7.595610 0.000000 0.000000 0.000000 1.522370
1713001613.386485 26.161300 -7.556800 0.000000 0.000000 0.000000 1.525470
1713001613.493612 26.173100 -7.522580 0.000000 0.000000 0.000000 1.531080
1713001613.584224 26.183300 -7.492990 0.000000 0.000000 0.000000 1.535680
1713001613.686890 26.194800 -7.457350 0.000000 0.000000 0.000000 1.567010
1713001613.787448 26.204800 -7.425590 0.000000 0.000000 0.000000 1.556280
1713001613.888256 26.214000 -7.395260 0.000000 0.000000 0.000000 1.576890
1713001613.988838 26.221900 -7.365410 0.000000 0.000000 0.000000 1.555120
1713001614.089522 26.230100 -7.335150 0.000000 0.000000 0.000000 1.591240
1713001614.190130 26.238600 -7.304110 0.000000 0.000000 0.000000 1.573800
1713001614.290741 26.246700 -7.272960 0.000000 0.000000 0.000000 1.604840
1713001614.391394 26.254800 -7.241230 0.000000 0.000000 0.000000 1.583480
1713001614.491949 26.262500 -7.209480 0.000000 0.000000 0.000000 1.602800
1713001614.592535 26.270500 -7.177650 0.000000 0.000000 0.000000 1.599080
1713001614.686963 26.278100 -7.145670 0.000000 0.000000 0.000000 1.601000
1713001614.788461 26.285600 -7.113250 0.000000 0.000000 0.000000 1.596710
1713001614.889072 26.292100 -7.080200 0.000000 0.000000 0.000000 1.596140
1713001614.989921 26.297600 -7.046960 0.000000 0.000000 0.000000 1.602750
1713001615.090528 26.303500 -7.012110 0.000000 0.000000 0.000000 1.647790
1713001615.191135 26.309800 -6.976590 0.000000 0.000000 0.000000 1.631710
1713001615.291711 26.315900 -6.940570 0.000000 0.000000 0.000000 1.627070
1713001615.392333 26.320900 -6.904040 0.000000 0.000000 0.000000 1.632730
1713001615.492922 26.325900 -6.866620 0.000000 0.000000 0.000000 1.679420
1713001615.593590 26.330900 -6.828970 0.000000 0.000000 0.000000 1.652480
1713001615.684128 26.335500 -6.795100 0.000000 0.000000 0.000000 1.679610
1713001615.794799 26.340200 -6.753280 0.000000 0.000000 0.000000 1.677120
1713001615.885378 26.343300 -6.718880 0.000000 0.000000 0.000000 1.675340
1713001615.985959 26.346800 -6.680830 0.000000 0.000000 0.000000 1.658260
1713001616.086782 26.349700 -6.638610 0.000000 0.000000 0.000000 1.665270
1713001616.186819 26.351800 -6.599880 0.000000 0.000000 0.000000 1.662980
1713001616.287381 26.353600 -6.560630 0.000000 0.000000 0.000000 1.698200
1713001616.390858 26.355100 -6.522080 0.000000 0.000000 0.000000 1.683000
1713001616.491477 26.356600 -6.483970 0.000000 0.000000 0.000000 1.698770
1713001616.592074 26.358100 -6.446460 0.000000 0.000000 0.000000 1.693380
1713001616.692949 26.359700 -6.409830 0.000000 0.000000 0.000000 1.703200
1713001616.793557 26.361000 -6.373960 0.000000 0.000000 0.000000 1.701530
1713001616.884123 26.362400 -6.342060 0.000000 0.000000 0.000000 1.723370
1713001616.984709 26.363900 -6.308130 0.000000 0.000000 0.000000 1.715760
1713001617.085607 26.364900 -6.275930 0.000000 0.000000 0.000000 1.721660
1713001617.186443 26.366000 -6.242780 0.000000 0.000000 0.000000 1.749670
1713001617.287049 26.367400 -6.213740 0.000000 0.000000 0.000000 1.719540
1713001617.387626 26.368700 -6.185680 0.000000 0.000000 0.000000 1.718070
1713001617.488245 26.369000 -6.158540 0.000000 0.000000 0.000000 1.730660
1713001617.588877 26.369500 -6.131100 0.000000 0.000000 0.000000 1.710710
1713001617.689484 26.369800 -6.102900 0.000000 0.000000 0.000000 1.729940
1713001617.790061 26.370100 -6.073930 0.000000 0.000000 0.000000 1.735650
1713001617.890645 26.370600 -6.043270 0.000000 0.000000 0.000000 1.746750
1713001617.991243 26.371500 -6.011030 0.000000 0.000000 0.000000 1.746990
1713001618.091852 26.372000 -5.978300 0.000000 0.000000 0.000000 1.737790
1713001618.192453 26.372200 -5.945360 0.000000 0.000000 0.000000 1.742340
1713001618.293391 26.372700 -5.911140 0.000000 0.000000 0.000000 1.746320
1713001618.394155 26.373700 -5.876610 0.000000 0.000000 0.000000 1.746990
1713001618.484724 26.374200 -5.845050 0.000000 0.000000 0.000000 1.767170
1713001618.585490 26.374700 -5.809410 0.000000 0.000000 0.000000 1.750100
1713001618.686216 26.375200 -5.769220 0.000000 0.000000 0.000000 1.778630
1713001618.787135 26.375000 -5.732840 0.000000 0.000000 0.000000 1.773400
1713001618.887871 26.374600 -5.696720 0.000000 0.000000 0.000000 1.804840
1713001618.988484 26.374400 -5.660690 0.000000 0.000000 0.000000 1.809530
1713001619.091506 26.374500 -5.624520 0.000000 0.000000 0.000000 1.830930
1713001619.192166 26.374900 -5.587390 0.000000 0.000000 0.000000 1.822660
1713001619.292931 26.374800 -5.550310 0.000000 0.000000 0.000000 1.830450
1713001619.393562 26.374300 -5.512320 0.000000 0.000000 0.000000 1.833710
1713001619.494273 26.373900 -5.473710 0.000000 0.000000 0.000000 1.838090
1713001619.584797 26.373200 -5.438650 0.000000 0.000000 0.000000 1.843560
1713001619.685736 26.372000 -5.398620 0.000000 0.000000 0.000000 1.838930
1713001619.786778 26.370700 -5.354980 0.000000 0.000000 0.000000 1.835660
1713001619.887319 26.369500 -5.314970 0.000000 0.000000 0.000000 1.861770
1713001619.987897 26.368000 -5.275210 0.000000 0.000000 0.000000 1.838250
1713001620.088432 26.365800 -5.235420 0.000000 0.000000 0.000000 1.875710
1713001620.189008 26.363600 -5.194850 0.000000 0.000000 0.000000 1.876810
1713001620.285531 26.361700 -5.159890 0.000000 0.000000 0.000000 1.901380
1713001620.386195 26.359600 -5.118590 0.000000 0.000000 0.000000 1.898510
1713001620.487149 26.356900 -5.082930 0.000000 0.000000 0.000000 1.896970
1713001620.587728 26.354400 -5.049020 0.000000 0.000000 0.000000 1.895550
1713001620.688298 26.352500 -5.017180 0.000000 0.000000 0.000000 1.905030
1713001620.789078 26.350400 -4.987000 0.000000 0.000000 0.000000 1.916410
1713001620.889929 26.348100 -4.957040 0.000000 0.000000 0.000000 1.934270
1713001620.990677 26.345600 -4.926730 0.000000 0.000000 0.000000 1.920240
1713001621.091324 26.342900 -4.896110 0.000000 0.000000 0.000000 1.946660
1713001621.191972 26.340800 -4.867060 0.000000 0.000000 0.000000 1.936380
1713001621.292621 26.338900 -4.841600 0.000000 0.000000 0.000000 1.939190
1713001621.393209 26.336800 -4.822330 0.000000 0.000000 0.000000 1.929600
1713001621.494332 26.335700 -4.811980 0.000000 0.000000 0.000000 1.946080
1713001621.585015 26.336100 -4.810710 0.000000 0.000000 0.000000 1.943000
1713001621.685728 26.336800 -4.814510 0.000000 0.000000 0.000000 1.900420
1713001621.786366 26.336700 -4.814440 0.000000 0.000000 0.000000 1.945630
1713001621.887007 26.336000 -4.813190 0.000000 0.000000 0.000000 1.938400
1713001621.987911 26.336800 -4.814020 0.000000 0.000000 0.000000 1.952370
1713001622.088542 26.337900 -4.814440 0.000000 0.000000 0.000000 1.961300
1713001622.189246 26.337900 -4.814090 0.000000 0.000000 0.000000 1.938520
1713001622.289946 26.337900 -4.813850 0.000000 0.000000 0.000000 1.930790
1713001622.390599 26.338600 -4.814040 0.000000 0.000000 0.000000 1.927620
1713001622.491212 26.339000 -4.813850 0.000000 0.000000 0.000000 1.951650
1713001622.591838 26.339100 -4.813400 0.000000 0.000000 0.000000 1.934960
1713001622.692516 26.339900 -4.814190 0.000000 0.000000 0.000000 1.952240
1713001622.793186 26.341000 -4.815190 0.000000 0.000000 0.000000 1.939370
1713001622.894015 26.341400 -4.815780 0.000000 0.000000 0.000000 1.975650
1713001622.984604 26.341400 -4.815450 0.000000 0.000000 0.000000 1.954580
1713001623.085283 26.341500 -4.816810 0.000000 0.000000 0.000000 1.950930
1713001623.185971 26.342300 -4.822440 0.000000 0.000000 0.000000 1.953630
1713001623.286902 26.344600 -4.833250 0.000000 0.000000 0.000000 1.940920
1713001623.386847 26.348700 -4.847850 0.000000 0.000000 0.000000 1.945340
1713001623.487653 26.354300 -4.866530 0.000000 0.000000 0.000000 1.951460
1713001623.588196 26.361600 -4.888220 0.000000 0.000000 0.000000 1.921000
1713001623.688823 26.370400 -4.912190 0.000000 0.000000 0.000000 1.936810
1713001623.789396 26.380200 -4.938260 0.000000 0.000000 0.000000 1.935830
1713001623.889903 26.391900 -4.966400 0.000000 0.000000 0.000000 1.936190
1713001623.990623 26.405200 -4.996350 0.000000 0.000000 0.000000 1.930380
1713001624.091247 26.419700 -5.027360 0.000000 0.000000 0.000000 1.943430
1713001624.191896 26.435400 -5.060150 0.000000 0.000000 0.000000 1.937400
1713001624.292468 26.451900 -5.094350 0.000000 0.000000 0.000000 1.951070
1713001624.393329 26.470000 -5.129160 0.000000 0.000000 0.000000 1.950280
1713001624.483865 26.486600 -5.161330 0.000000 0.000000 0.000000 1.955760
1713001624.584437 26.504300 -5.195260 0.000000 0.000000 0.000000 1.959130
1713001624.685047 26.520700 -5.226870 0.000000 0.000000 0.000000 1.949480
1713001624.785696 26.535500 -5.255260 0.000000 0.000000 0.000000 1.962780
1713001624.887216 26.551200 -5.283370 0.000000 0.000000 0.000000 1.961230
1713001624.987865 26.565000 -5.307710 0.000000 0.000000 0.000000 1.947560
1713001625.088462 26.579300 -5.331200 0.000000 0.000000 0.000000 1.991880
1713001625.189037 26.594100 -5.355330 0.000000 0.000000 0.000000 1.943710
1713001625.289723 26.609800 -5.379950 0.000000 0.000000 0.000000 1.999350
1713001625.384912 26.624100 -5.402620 0.000000 0.000000 0.000000 1.974740
1713001625.485505 26.639100 -5.425880 0.000000 0.000000 0.000000 1.976770
1713001625.586122 26.653100 -5.446480 0.000000 0.000000 0.000000 1.979580
1713001625.686964 26.663000 -5.460660 0.000000 0.000000 0.000000 1.969470
1713001625.786622 26.668800 -5.469910 0.000000 0.000000 0.000000 2.008580
1713001625.888944 26.670200 -5.472170 0.000000 0.000000 0.000000 1.992430
1713001625.986563 26.670000 -5.472030 0.000000 0.000000 0.000000 2.004550
1713001626.087241 26.670600 -5.472740 0.000000 0.000000 0.000000 1.995130
1713001626.187789 26.673600 -5.477260 0.000000 0.000000 0.000000 1.995560
1713001626.290815 26.679900 -5.486510 0.000000 0.000000 0.000000 2.003090
1713001626.391527 26.689600 -5.500130 0.000000 0.000000 0.000000 1.982890
1713001626.492109 26.702300 -5.517560 0.000000 0.000000 0.000000 1.990540
1713001626.592714 26.717200 -5.538080 0.000000 0.000000 0.000000 2.000150
1713001626.693329 26.734100 -5.560540 0.000000 0.000000 0.000000 2.006580
1713001626.794195 26.752700 -5.584030 0.000000 0.000000 0.000000 2.013050
1713001626.886428 26.772100 -5.607980 0.000000 0.000000 0.000000 2.003710
1713001626.987119 26.791000 -5.631080 0.000000 0.000000 0.000000 2.030090
1713001627.087708 26.807900 -5.650830 0.000000 0.000000 0.000000 2.015790
1713001627.188320 26.820400 -5.665580 0.000000 0.000000 0.000000 2.029960
1713001627.286694 26.827500 -5.674140 0.000000 0.000000 0.000000 2.030720
1713001627.387268 26.827800 -5.674450 0.000000 0.000000 0.000000 2.040460
1713001627.487875 26.824500 -5.670360 0.000000 0.000000 0.000000 2.048400
1713001627.589710 26.824000 -5.669930 0.000000 0.000000 0.000000 2.045100
1713001627.690324 26.825300 -5.671960 0.000000 0.000000 0.000000 2.031020
1713001627.787004 26.825200 -5.671680 0.000000 0.000000 0.000000 2.042010
1713001627.887622 26.825000 -5.670930 0.000000 0.000000 0.000000 2.041210
1713001627.988285 26.825500 -5.671340 0.000000 0.000000 0.000000 2.039710
1713001628.086355 26.825300 -5.671850 0.000000 0.000000 0.000000 2.016690
1713001628.186997 26.825200 -5.671500 0.000000 0.000000 0.000000 2.037090
1713001628.287555 26.825200 -5.671000 0.000000 0.000000 0.000000 2.029680
1713001628.385209 26.825500 -5.671420 0.000000 0.000000 0.000000 2.043720
1713001628.486464 26.825000 -5.671060 0.000000 0.000000 0.000000 2.036760
1713001628.587236 26.824600 -5.669680 0.000000 0.000000 0.000000 2.068840
1713001628.687850 26.824200 -5.669080 0.000000 0.000000 0.000000 2.041830
1713001628.788523 26.823500 -5.668740 0.000000 0.000000 0.000000 2.033830
1713001628.886376 26.824300 -5.668420 0.000000 0.000000 0.000000 2.040660
1713001628.987047 26.824300 -5.668460 0.000000 0.000000 0.000000 2.042120
1713001629.087633 26.824300 -5.668440 0.000000 0.000000 0.000000 2.060740
1713001629.185011 26.823900 -5.669090 0.000000 0.000000 0.000000 2.050270
1713001629.285671 26.823600 -5.670230 0.000000 0.000000 0.000000 2.029750
1713001629.386745 26.823000 -5.670610 0.000000 0.000000 0.000000 2.041120
1713001629.487349 26.822800 -5.671050 0.000000 0.000000 0.000000 2.027650
1713001629.586532 26.822500 -5.670960 0.000000 0.000000 0.000000 2.040920
1713001629.687091 26.822200 -5.671030 0.000000 0.000000 0.000000 2.015470
1713001629.785435 26.821600 -5.671740 0.000000 0.000000 0.000000 2.025070
1713001629.886428 26.821000 -5.672450 0.000000 0.000000 0.000000 2.041440
1713001629.987078 26.820500 -5.672960 0.000000 0.000000 0.000000 2.052760
1713001630.087679 26.820000 -5.673880 0.000000 0.000000 0.000000 2.046290
1713001630.188292 26.819200 -5.674560 0.000000 0.000000 0.000000 2.037930
1713001630.288879 26.818100 -5.674230 0.000000 0.000000 0.000000 2.042940
1713001630.389461 26.816700 -5.673250 0.000000 0.000000 0.000000 2.037390
1713001630.490034 26.815100 -5.672030 0.000000 0.000000 0.000000 2.032760
1713001630.590684 26.813100 -5.669810 0.000000 0.000000 0.000000 2.031270
1713001630.691290 26.811000 -5.666100 0.000000 0.000000 0.000000 2.009770
1713001630.792007 26.808400 -5.661880 0.000000 0.000000 0.000000 2.046610
1713001630.892645 26.805600 -5.656780 0.000000 0.000000 0.000000 2.042880
1713001630.993247 26.802300 -5.649880 0.000000 0.000000 0.000000 2.041870
1713001631.093852 26.797900 -5.642340 0.000000 0.000000 0.000000 2.021690
1713001631.184721 26.793700 -5.634720 0.000000 0.000000 0.000000 2.048730
1713001631.286084 26.788200 -5.623680 0.000000 0.000000 0.000000 2.040220
1713001631.386608 26.782500 -5.612450 0.000000 0.000000 0.000000 2.039180
1713001631.487325 26.776200 -5.600320 0.000000 0.000000 0.000000 2.062100
1713001631.588083 26.770000 -5.586990 0.000000 0.000000 0.000000 2.055440
1713001631.688706 26.762400 -5.572290 0.000000 0.000000 0.000000 2.012080
1713001631.789327 26.754300 -5.555950 0.000000 0.000000 0.000000 2.040820
1713001631.890152 26.745300 -5.537820 0.000000 0.000000 0.000000 2.029020
1713001631.984878 26.736200 -5.519780 0.000000 0.000000 0.000000 2.030760
1713001632.085555 26.724900 -5.497760 0.000000 0.000000 0.000000 2.033410
1713001632.186625 26.711900 -5.471400 0.000000 0.000000 0.000000 2.058810
1713001632.287161 26.699500 -5.446230 0.000000 0.000000 0.000000 2.040660
1713001632.387916 26.686500 -5.419840 0.000000 0.000000 0.000000 2.057470
1713001632.485263 26.675000 -5.395420 0.000000 0.000000 0.000000 2.042460
1713001632.586292 26.661800 -5.365490 0.000000 0.000000 0.000000 2.033030
1713001632.685373 26.651700 -5.341200 0.000000 0.000000 0.000000 2.049610
1713001632.788500 26.640900 -5.311630 0.000000 0.000000 0.000000 2.046380
1713001632.885155 26.632100 -5.288070 0.000000 0.000000 0.000000 2.053110
1713001632.985831 26.620800 -5.259230 0.000000 0.000000 0.000000 2.039000
1713001633.086602 26.611400 -5.231510 0.000000 0.000000 0.000000 2.040440
1713001633.184984 26.603200 -5.207200 0.000000 0.000000 0.000000 2.077830
1713001633.285646 26.593300 -5.179570 0.000000 0.000000 0.000000 2.061870
1713001633.384646 26.586100 -5.159090 0.000000 0.000000 0.000000 2.078050
1713001633.485194 26.578900 -5.138550 0.000000 0.000000 0.000000 2.070520
1713001633.585743 26.571500 -5.118030 0.000000 0.000000 0.000000 2.067870
1713001633.688045 26.565800 -5.100050 0.000000 0.000000 0.000000 2.057250
1713001633.789068 26.559800 -5.082710 0.000000 0.000000 0.000000 2.071440
1713001633.889684 26.554000 -5.065480 0.000000 0.000000 0.000000 2.073500
1713001633.984893 26.548400 -5.049730 0.000000 0.000000 0.000000 2.073090
1713001634.085545 26.541900 -5.031550 0.000000 0.000000 0.000000 2.077810
1713001634.187716 26.534500 -5.013130 0.000000 0.000000 0.000000 2.091130
1713001634.288406 26.528000 -4.997410 0.000000 0.000000 0.000000 2.064400
1713001634.389171 26.521100 -4.983260 0.000000 0.000000 0.000000 2.078960
1713001634.485417 26.514500 -4.970810 0.000000 0.000000 0.000000 2.067480
1713001634.586030 26.506100 -4.954260 0.000000 0.000000 0.000000 2.108790
1713001634.684803 26.498800 -4.940100 0.000000 0.000000 0.000000 2.066070
1713001634.785550 26.488800 -4.922400 0.000000 0.000000 0.000000 2.095200
1713001634.887700 26.478900 -4.904790 0.000000 0.000000 0.000000 2.083260
1713001634.988277 26.468800 -4.886500 0.000000 0.000000 0.000000 2.063600
1713001635.089026 26.458900 -4.867610 0.000000 0.000000 0.000000 2.078680
1713001635.189654 26.449400 -4.848160 0.000000 0.000000 0.000000 2.072210
1713001635.290274 26.440100 -4.828610 0.000000 0.000000 0.000000 2.057280
1713001635.390906 26.430800 -4.808980 0.000000 0.000000 0.000000 2.078240
1713001635.491508 26.421600 -4.788600 0.000000 0.000000 0.000000 2.074630
1713001635.592138 26.412100 -4.767540 0.000000 0.000000 0.000000 2.083280
1713001635.684672 26.403500 -4.747350 0.000000 0.000000 0.000000 2.039060
1713001635.785432 26.393600 -4.723380 0.000000 0.000000 0.000000 2.074060
1713001635.886178 26.382900 -4.694880 0.000000 0.000000 0.000000 2.069610
1713001635.984645 26.373600 -4.670110 0.000000 0.000000 0.000000 2.072460
1713001636.085241 26.362700 -4.642190 0.000000 0.000000 0.000000 2.076360
1713001636.185926 26.350700 -4.609880 0.000000 0.000000 0.000000 2.074170
1713001636.287483 26.339100 -4.578830 0.000000 0.000000 0.000000 2.090450
1713001636.390275 26.327300 -4.547000 0.000000 0.000000 0.000000 2.085130
1713001636.491485 26.315000 -4.513890 0.000000 0.000000 0.000000 2.093930
1713001636.592116 26.303000 -4.480130 0.000000 0.000000 0.000000 2.119990
1713001636.685259 26.292300 -4.450170 0.000000 0.000000 0.000000 2.122280
1713001636.789623 26.279800 -4.414490 0.000000 0.000000 0.000000 2.108260
1713001636.890183 26.268400 -4.383090 0.000000 0.000000 0.000000 2.100370
1713001636.990936 26.257600 -4.352270 0.000000 0.000000 0.000000 2.116150
1713001637.091608 26.246400 -4.321040 0.000000 0.000000 0.000000 2.114550
1713001637.192195 26.235000 -4.289050 0.000000 0.000000 0.000000 2.134120
1713001637.292961 26.223100 -4.256070 0.000000 0.000000 0.000000 2.142350
1713001637.393584 26.210300 -4.222380 0.000000 0.000000 0.000000 2.121510
1713001637.484120 26.198500 -4.191320 0.000000 0.000000 0.000000 2.139060
1713001637.584695 26.185400 -4.155680 0.000000 0.000000 0.000000 2.138500
1713001637.685442 26.170700 -4.115740 0.000000 0.000000 0.000000 2.157340
1713001637.789160 26.156900 -4.079030 0.000000 0.000000 0.000000 2.167540
1713001637.889727 26.143000 -4.044030 0.000000 0.000000 0.000000 2.162240
1713001637.990509 26.129300 -4.012170 0.000000 0.000000 0.000000 2.171940
1713001638.091331 26.117200 -3.982600 0.000000 0.000000 0.000000 2.172230
1713001638.191924 26.105800 -3.956120 0.000000 0.000000 0.000000 2.182860
1713001638.292501 26.095000 -3.931510 0.000000 0.000000 0.000000 2.186150
1713001638.393346 26.085000 -3.909420 0.000000 0.000000 0.000000 2.191560
1713001638.483873 26.077100 -3.890490 0.000000 0.000000 0.000000 2.197200
1713001638.584435 26.068500 -3.870410 0.000000 0.000000 0.000000 2.167070
1713001638.685039 26.059500 -3.851270 0.000000 0.000000 0.000000 2.190030
1713001638.785641 26.048700 -3.831420 0.000000 0.000000 0.000000 2.192600
1713001638.888758 26.038600 -3.812330 0.000000 0.000000 0.000000 2.201180
1713001638.989510 26.028300 -3.792650 0.000000 0.000000 0.000000 2.217240
1713001639.090127 26.017000 -3.774540 0.000000 0.000000 0.000000 2.197160
1713001639.185111 26.007300 -3.758540 0.000000 0.000000 0.000000 2.214110
1713001639.288136 25.995300 -3.739200 0.000000 0.000000 0.000000 2.197980
1713001639.389204 25.984000 -3.720960 0.000000 0.000000 0.000000 2.211130
1713001639.489865 25.972000 -3.702350 0.000000 0.000000 0.000000 2.201390
1713001639.590637 25.958800 -3.683520 0.000000 0.000000 0.000000 2.195610
1713001639.684628 25.946500 -3.664970 0.000000 0.000000 0.000000 2.188230
1713001639.785466 25.930000 -3.640610 0.000000 0.000000 0.000000 2.167620
1713001639.887517 25.913500 -3.617080 0.000000 0.000000 0.000000 2.205260
1713001639.989674 25.895900 -3.592270 0.000000 0.000000 0.000000 2.213790
1713001640.090256 25.877200 -3.566040 0.000000 0.000000 0.000000 2.201510
1713001640.190978 25.857500 -3.538610 0.000000 0.000000 0.000000 2.228160
1713001640.291721 25.836900 -3.510460 0.000000 0.000000 0.000000 2.192860
1713001640.392410 25.815100 -3.481950 0.000000 0.000000 0.000000 2.207410
1713001640.484649 25.794400 -3.456100 0.000000 0.000000 0.000000 2.196300
1713001640.585258 25.770700 -3.426850 0.000000 0.000000 0.000000 2.206030
1713001640.687341 25.743900 -3.394430 0.000000 0.000000 0.000000 2.200600
1713001640.787894 25.719100 -3.365120 0.000000 0.000000 0.000000 2.200930
1713001640.884855 25.696300 -3.339510 0.000000 0.000000 0.000000 2.196370
1713001640.985467 25.669100 -3.309360 0.000000 0.000000 0.000000 2.181620
1713001641.086587 25.644400 -3.283200 0.000000 0.000000 0.000000 2.183570
1713001641.184777 25.622700 -3.260500 0.000000 0.000000 0.000000 2.194650
1713001641.285502 25.596400 -3.234330 0.000000 0.000000 0.000000 2.194570
1713001641.389058 25.573400 -3.211270 0.000000 0.000000 0.000000 2.209120
1713001641.490556 25.550900 -3.188970 0.000000 0.000000 0.000000 2.175640
1713001641.591203 25.529500 -3.167610 0.000000 0.000000 0.000000 2.185100
1713001641.691977 25.511100 -3.149660 0.000000 0.000000 0.000000 2.141380
1713001641.786126 25.497700 -3.136110 0.000000 0.000000 0.000000 2.162890
1713001641.887774 25.489300 -3.127250 0.000000 0.000000 0.000000 2.164990
1713001641.988596 25.485200 -3.123090 0.000000 0.000000 0.000000 2.170710
1713001642.089511 25.486000 -3.122890 0.000000 0.000000 0.000000 2.176740
1713001642.190092 25.488300 -3.124770 0.000000 0.000000 0.000000 2.149360
1713001642.290816 25.488800 -3.125430 0.000000 0.000000 0.000000 2.137190
1713001642.391535 25.489700 -3.127000 0.000000 0.000000 0.000000 2.162650
1713001642.492174 25.491000 -3.126470 0.000000 0.000000 0.000000 2.149860
1713001642.592746 25.492000 -3.125760 0.000000 0.000000 0.000000 2.157980
1713001642.683492 25.492000 -3.125090 0.000000 0.000000 0.000000 2.145930
1713001642.784190 25.492000 -3.123640 0.000000 0.000000 0.000000 2.168830
1713001642.884876 25.491800 -3.122550 0.000000 0.000000 0.000000 2.150720
1713001642.985530 25.491400 -3.121860 0.000000 0.000000 0.000000 2.166370
1713001643.088772 25.491100 -3.121560 0.000000 0.000000 0.000000 2.150210
1713001643.189366 25.491200 -3.121350 0.000000 0.000000 0.000000 2.148380
1713001643.289974 25.491100 -3.120480 0.000000 0.000000 0.000000 2.144300
1713001643.390858 25.489700 -3.118570 0.000000 0.000000 0.000000 2.140330
1713001643.491478 25.486800 -3.114550 0.000000 0.000000 0.000000 2.144100
1713001643.592101 25.481400 -3.107950 0.000000 0.000000 0.000000 2.150600
1713001643.692818 25.474700 -3.098560 0.000000 0.000000 0.000000 2.151720
1713001643.793516 25.466400 -3.086870 0.000000 0.000000 0.000000 2.163840
1713001643.884320 25.457800 -3.074090 0.000000 0.000000 0.000000 2.146100
1713001643.985075 25.446800 -3.057650 0.000000 0.000000 0.000000 2.199730
1713001644.087092 25.433500 -3.037690 0.000000 0.000000 0.000000 2.172370
1713001644.187704 25.419800 -3.018240 0.000000 0.000000 0.000000 2.171110
1713001644.288253 25.405300 -2.997020 0.000000 0.000000 0.000000 2.164150
1713001644.388888 25.390400 -2.973980 0.000000 0.000000 0.000000 2.167440
1713001644.489573 25.374400 -2.949910 0.000000 0.000000 0.000000 2.151990
1713001644.590132 25.357400 -2.924180 0.000000 0.000000 0.000000 2.150310
1713001644.690783 25.339500 -2.897230 0.000000 0.000000 0.000000 2.157670
1713001644.791700 25.320700 -2.869440 0.000000 0.000000 0.000000 2.147470
1713001644.892347 25.301300 -2.840000 0.000000 0.000000 0.000000 2.139160
1713001644.992928 25.281000 -2.809280 0.000000 0.000000 0.000000 2.155190
1713001645.093671 25.259500 -2.776810 0.000000 0.000000 0.000000 2.153630
1713001645.184430 25.240000 -2.746960 0.000000 0.000000 0.000000 2.200080
1713001645.285041 25.218000 -2.712640 0.000000 0.000000 0.000000 2.160160
1713001645.386119 25.192400 -2.674290 0.000000 0.000000 0.000000 2.162860
1713001645.486651 25.168100 -2.637390 0.000000 0.000000 0.000000 2.168190
1713001645.587289 25.143100 -2.599750 0.000000 0.000000 0.000000 2.176900
1713001645.687900 25.117400 -2.560980 0.000000 0.000000 0.000000 2.173580
1713001645.788504 25.091900 -2.521940 0.000000 0.000000 0.000000 2.170460
1713001645.889176 25.066000 -2.482120 0.000000 0.000000 0.000000 2.169260
1713001645.989991 25.039000 -2.440910 0.000000 0.000000 0.000000 2.169610
1713001646.090632 25.012200 -2.399390 0.000000 0.000000 0.000000 2.138570
1713001646.191260 24.986400 -2.359090 0.000000 0.000000 0.000000 2.173520
1713001646.292072 24.961700 -2.320680 0.000000 0.000000 0.000000 2.158520
1713001646.392639 24.939300 -2.286000 0.000000 0.000000 0.000000 2.203220
1713001646.483212 24.920200 -2.256610 0.000000 0.000000 0.000000 2.163790
1713001646.593787 24.897100 -2.220410 0.000000 0.000000 0.000000 2.170280
1713001646.694419 24.875700 -2.187550 0.000000 0.000000 0.000000 2.154360
1713001646.785179 24.853700 -2.153220 0.000000 0.000000 0.000000 2.165810
1713001646.886240 24.830500 -2.117390 0.000000 0.000000 0.000000 2.172590
1713001646.989096 24.806900 -2.081150 0.000000 0.000000 0.000000 2.159070
1713001647.089771 24.783000 -2.043390 0.000000 0.000000 0.000000 2.158130
1713001647.190696 24.758500 -2.004730 0.000000 0.000000 0.000000 2.164440
1713001647.291817 24.733200 -1.965890 0.000000 0.000000 0.000000 2.156620
1713001647.392429 24.707800 -1.926660 0.000000 0.000000 0.000000 2.191460
1713001647.483043 24.686100 -1.891380 0.000000 0.000000 0.000000 2.150520
1713001647.593843 24.658900 -1.849690 0.000000 0.000000 0.000000 2.173310
1713001647.684279 24.641000 -1.822060 0.000000 0.000000 0.000000 2.176260
1713001647.784925 24.626800 -1.801530 0.000000 0.000000 0.000000 2.176840
1713001647.885541 24.622600 -1.792780 0.000000 0.000000 0.000000 2.159980
1713001647.986218 24.625300 -1.794820 0.000000 0.000000 0.000000 2.159450
1713001648.086853 24.627600 -1.796780 0.000000 0.000000 0.000000 2.167100
1713001648.187435 24.627300 -1.794130 0.000000 0.000000 0.000000 2.137990
1713001648.288125 24.628300 -1.792860 0.000000 0.000000 0.000000 2.156110
1713001648.388843 24.630100 -1.793290 0.000000 0.000000 0.000000 2.164820
1713001648.489466 24.630600 -1.793020 0.000000 0.000000 0.000000 2.159020
1713001648.590123 24.632200 -1.792210 0.000000 0.000000 0.000000 2.176760
1713001648.690881 24.634600 -1.792040 0.000000 0.000000 0.000000 2.158890
1713001648.791835 24.636800 -1.791830 0.000000 0.000000 0.000000 2.160460
1713001648.892438 24.638300 -1.791240 0.000000 0.000000 0.000000 2.161200
1713001648.993149 24.640200 -1.791240 0.000000 0.000000 0.000000 2.167580
1713001649.094013 24.641700 -1.791540 0.000000 0.000000 0.000000 2.155190
1713001649.184641 24.643000 -1.792170 0.000000 0.000000 0.000000 2.129920
1713001649.285533 24.644000 -1.792300 0.000000 0.000000 0.000000 2.166290
1713001649.391229 24.644900 -1.791840 0.000000 0.000000 0.000000 2.167500
1713001649.491833 24.645800 -1.791650 0.000000 0.000000 0.000000 2.164650
1713001649.592457 24.646300 -1.792500 0.000000 0.000000 0.000000 2.166000
1713001649.683291 24.646800 -1.792830 0.000000 0.000000 0.000000 2.164000
1713001649.783877 24.647400 -1.792910 0.000000 0.000000 0.000000 2.163320
1713001649.884454 24.648200 -1.793120 0.000000 0.000000 0.000000 2.160470
1713001649.985198 24.647700 -1.793930 0.000000 0.000000 0.000000 2.165420
1713001650.085968 24.647400 -1.793940 0.000000 0.000000 0.000000 2.156770
1713001650.186573 24.646200 -1.794550 0.000000 0.000000 0.000000 2.159720
1713001650.287282 24.646200 -1.794770 0.000000 0.000000 0.000000 2.153600
1713001650.387878 24.646100 -1.794770 0.000000 0.000000 0.000000 2.159710
1713001650.488426 24.645300 -1.794980 0.000000 0.000000 0.000000 2.152050
1713001650.589006 24.644900 -1.795070 0.000000 0.000000 0.000000 2.151740
1713001650.689643 24.644400 -1.795420 0.000000 0.000000 0.000000 2.169670
1713001650.790283 24.643400 -1.795590 0.000000 0.000000 0.000000 2.170610
1713001650.891176 24.643200 -1.795580 0.000000 0.000000 0.000000 2.145490
1713001650.992019 24.642900 -1.795890 0.000000 0.000000 0.000000 2.154430
1713001651.092842 24.641100 -1.795720 0.000000 0.000000 0.000000 2.132040
1713001651.183505 24.640200 -1.795740 0.000000 0.000000 0.000000 2.163430
1713001651.284973 24.639400 -1.795940 0.000000 0.000000 0.000000 2.144000
1713001651.387069 24.638300 -1.796050 0.000000 0.000000 0.000000 2.161780
1713001651.487759 24.637700 -1.796240 0.000000 0.000000 0.000000 2.158740
1713001651.598353 24.636200 -1.796270 0.000000 0.000000 0.000000 2.157600
1713001651.688867 24.635200 -1.796490 0.000000 0.000000 0.000000 2.159450
1713001651.789457 24.634300 -1.796680 0.000000 0.000000 0.000000 2.161840
1713001651.890046 24.634000 -1.796700 0.000000 0.000000 0.000000 2.179300
1713001651.990793 24.633100 -1.796480 0.000000 0.000000 0.000000 2.149630
1713001652.091472 24.632300 -1.796260 0.000000 0.000000 0.000000 2.158360
1713001652.192386 24.631500 -1.796200 0.000000 0.000000 0.000000 2.168260
1713001652.293007 24.630900 -1.796400 0.000000 0.000000 0.000000 2.159910
1713001652.383715 24.630500 -1.796250 0.000000 0.000000 0.000000 2.171700
1713001652.484493 24.630400 -1.796160 0.000000 0.000000 0.000000 2.154070
1713001652.585154 24.630300 -1.796460 0.000000 0.000000 0.000000 2.165490
1713001652.686887 24.630400 -1.796540 0.000000 0.000000 0.000000 2.159640
1713001652.787502 24.630700 -1.796490 0.000000 0.000000 0.000000 2.168740
1713001652.888156 24.630700 -1.796330 0.000000 0.000000 0.000000 2.170460
1713001652.988957 24.630400 -1.796330 0.000000 0.000000 0.000000 2.158170
1713001653.089646 24.629900 -1.795990 0.000000 0.000000 0.000000 2.155990
1713001653.190224 24.628900 -1.795740 0.000000 0.000000 0.000000 2.160140
1713001653.290840 24.628400 -1.795660 0.000000 0.000000 0.000000 2.161630
1713001653.391420 24.628200 -1.795150 0.000000 0.000000 0.000000 2.165410
1713001653.492040 24.627500 -1.795230 0.000000 0.000000 0.000000 2.149950
